            mmlo_unfiltered  mmlo_filtered  mmlo_lowpass  mmlo_highpass  \
1958-03-31         1.271950      -0.067270      1.240318       0.054875   
1958-04-30         2.947169      -0.335590      0.951353       1.742250   
1958-05-31         2.930049      -0.578120      0.687911       1.737756   
1958-06-30         2.464921      -0.776778      0.468082       1.285720   
1958-07-31         1.157444      -0.918640      0.304798      -0.008205   
1958-08-31         0.159785      -0.997340      0.204434      -0.991857   
1958-09-30        -1.635864      -1.013578      0.166300      -2.773051   
1958-10-31        -2.243881      -0.974681      0.183076      -3.366168   
1958-11-30        -1.639876      -0.893309      0.242111      -2.746827   
1958-12-31        -0.368250      -0.785485      0.327394      -1.459437   
1959-01-31         0.513194      -0.668265      0.421877      -0.561806   
1959-02-28         1.211117      -0.557390      0.509829       0.152716   
1959-03-31         1.472215      -0.465251      0.578869       0.430819   
1959-04-30         2.415363      -0.399461      0.621393       1.391368   
1959-05-31         2.916104      -0.362214      0.635218       1.909896   
1959-06-30         2.708906      -0.350487      0.623379       1.720862   
1959-07-31         1.029289      -0.357026      0.593138       0.059776   
1959-08-31        -0.780509      -0.371920      0.554418      -1.731136   
1959-09-30        -1.808229      -0.384497      0.517902      -2.739624   
1959-10-31        -2.458385      -0.385232      0.493124      -3.370213   
1959-11-30        -0.986451      -0.367365      0.486857      -1.878390   
1959-12-31        -0.276964      -0.327986      0.502021      -1.148704   
1960-01-31         0.502528      -0.268435      0.537285      -0.348714   
1960-02-29         0.976411      -0.193984      0.587393       0.145952   
1960-03-31         1.515560      -0.112865      0.644120       0.706158   
1960-04-30         2.886822      -0.034842      0.697713       2.098737   
1960-05-31         3.825614       0.030442      0.738542       3.059094   
1960-06-30         3.316532       0.075072      0.758704       2.571808   
1960-07-31         1.834969       0.094160      0.753320       1.112262   
1960-08-31        -0.506774       0.086630      0.721325      -1.207259   
...                     ...            ...           ...            ...   
2014-12-31        -0.768840       0.213938      0.057604       0.251286   
2015-01-31         0.112796       0.054470     -0.043752       1.060676   
2015-02-28         0.242505      -0.129900     -0.166003       1.109999   
2015-03-31         1.314050      -0.322548     -0.292434       2.092847   
2015-04-30         2.871255      -0.503576     -0.403065       3.552895   
2015-05-31         3.362188      -0.652369     -0.477201       3.938080   
2015-06-30         2.019048      -0.750513     -0.496358       2.480492   
2015-07-31         0.339623      -0.784672     -0.447130       0.677838   
2015-08-31        -2.229983      -0.748985     -0.323598      -2.023836   
2015-09-30        -3.713645      -0.646620     -0.128875      -3.648434   
2015-10-31        -3.243864      -0.490157      0.124504      -3.328452   
2015-11-30        -1.557873      -0.300676      0.415498      -1.801090   
2015-12-31        -0.058194      -0.105566      0.716747      -0.468799   
2016-01-31         0.421807       0.064720      0.997817      -0.164836   
2016-02-29         1.763918       0.180582      1.229120       0.992735   
2016-03-31         2.363842       0.217365      1.386000       1.399807   
2016-04-30         4.769477       0.159055      1.452432       3.604516   
2016-05-31         4.858790       0.001059      1.423798       3.485110   
2016-06-30         3.784082      -0.248369      1.308319       2.194225   
2016-07-31         1.173039      -0.568316      1.126858      -0.640063   
2016-08-31        -1.158185      -0.927060      0.911076      -3.201156   
2016-09-30        -2.563412      -1.285407      0.700087      -4.842373   
2016-10-31        -2.215249      -1.601133      0.536024      -4.735753   
2016-11-30        -0.440821      -1.833970      0.459047      -3.207788   
2016-12-31         0.257244      -1.950516      0.502432      -2.760404   
2017-01-31         1.774619      -1.928427      0.688377      -1.497154   
2017-02-28         1.890463      -1.759344      1.025081      -1.638025   
2017-03-31         2.457734      -1.450168      1.505461      -1.329128   
2017-04-30         4.090799      -1.022513      2.107700       0.044917   
2017-05-31         4.547453      -0.510416      2.797537       0.243010   

            oeni_unfiltered  oeni_filtered  oeni_lowpass  oeni_highpass  
1958-03-31         1.143258       1.007521      1.118187       1.028523  
1958-04-30         0.803247       0.884404      0.987429       0.695849  
1958-05-31         0.653237       0.758833      0.854298       0.553109  
1958-06-30         0.543226       0.641011      0.729015       0.450286  
1958-07-31         0.453215       0.538689      0.619347       0.367364  
1958-08-31         0.333204       0.456473      0.529916       0.254329  
1958-09-30         0.383194       0.395579      0.461952       0.311164  
1958-10-31         0.483183       0.354046      0.413511       0.417855  
1958-11-30         0.553173       0.327356      0.380085       0.494388  
1958-12-31         0.593162       0.309341      0.355524       0.540750  
1959-01-31         0.573151       0.293263      0.333100       0.526928  
1959-02-28         0.513141       0.272875      0.306579       0.472910  
1959-03-31         0.403131       0.243353      0.271149       0.368683  
1959-04-30         0.213120       0.201957      0.224080       0.184236  
1959-05-31         0.053109       0.148354      0.165051       0.029560  
1959-06-30        -0.196901       0.084590      0.096115      -0.215356  
1959-07-31        -0.276912       0.014716      0.021335      -0.290520  
1959-08-31        -0.306923      -0.055832     -0.053847      -0.315943  
1959-09-30        -0.146933      -0.121028     -0.123395      -0.151630  
1959-10-31        -0.126944      -0.175084     -0.181517      -0.127591  
1959-11-30        -0.066955      -0.213220     -0.223423      -0.063831  
1959-12-31        -0.116965      -0.232259     -0.245933      -0.110357  
1960-01-31        -0.126976      -0.231000     -0.247840      -0.117174  
1960-02-29        -0.166986      -0.210328     -0.230025      -0.154286  
1960-03-31        -0.106997      -0.173061     -0.195302      -0.091698  
1960-04-30        -0.057007      -0.123583     -0.148051      -0.039414  
1960-05-31        -0.107018      -0.067313     -0.093689      -0.087436  
1960-06-30        -0.167029      -0.010087     -0.038052      -0.145766  
1960-07-31        -0.057039       0.042462      0.013230      -0.034406  
1960-08-31         0.082950       0.085475      0.055298       0.106643  
...                     ...            ...           ...            ...  
2014-12-31         0.596035      -0.355374      0.247796      -0.035794  
2015-01-31         0.536024      -0.282897      0.343322      -0.117163  
2015-02-28         0.486014      -0.181257      0.466467      -0.186797  
2015-03-31         0.526004      -0.049566      0.618026      -0.164604  
2015-04-30         0.655993       0.109993      0.795723      -0.050492  
2015-05-31         0.815982       0.291849      0.993903       0.095625  
2015-06-30         0.945972       0.487036      1.203514       0.213830  
2015-07-31         1.145961       0.683528      1.412449       0.404199  
2015-08-31         1.395950       0.866936      1.606243       0.646806  
2015-09-30         1.665940       1.021565      1.769130       0.911716  
2015-10-31         1.935929       1.131746      1.885375       1.178990  
2015-11-30         2.125919       1.183353      1.940793       1.368678  
2015-12-31         2.255908       1.165367      1.924309       1.500827  
2016-01-31         2.195897       1.071309      1.829399       1.445471  
2016-02-29         1.965887       0.900392      1.655238       1.222640  
2016-03-31         1.555876       0.658226      1.407403       0.822347  
2016-04-30         1.055866       0.356951      1.098014       0.334601  
2016-05-31         0.565855       0.014742      0.745233      -0.140603  
2016-06-30         0.065845      -0.345334      0.372128      -0.623284  
2016-07-31        -0.354166      -0.697025      0.004958      -1.023471  
2016-08-31        -0.614177      -1.013040     -0.328964      -1.261209  
2016-09-30        -0.774187      -1.267448     -0.603673      -1.396556  
2016-10-31        -0.864198      -1.438069     -0.796942      -1.459588  
2016-11-30        -0.864209      -1.508647     -0.892453      -1.430395  
2016-12-31        -0.694219      -1.470544     -0.881492      -1.229086  
2017-01-31        -0.444230      -1.323775     -0.763979      -0.945789  
2017-02-28        -0.144240      -1.077253     -0.548722      -0.610650  
2017-03-31         0.125749      -0.748203     -0.252814      -0.303839  
2017-04-30         0.365739      -0.360768      0.099744      -0.025542  
2017-05-31         0.455728       0.056042      0.480110       0.104027  

[711 rows x 8 columns]
