             freq  bin  bins_total   period_yr         mag  mag_norm  \
bin                                                                    
0    0.000000e+00    0         356  118.666667   32.384694  0.065406   
1    5.348216e-10    1         356   59.333333   96.443729  0.194784   
2    1.069643e-09    2         356   29.666667  163.946547  0.331117   
3    1.604465e-09    3         356   19.777778  108.923006  0.219988   
4    2.139286e-09    4         356   14.833333   68.615575  0.138580   
5    2.674108e-09    5         356   11.866667   32.594693  0.065830   
6    3.208930e-09    6         356    9.888889   57.552012  0.116236   
7    3.743751e-09    7         356    8.476190   73.504919  0.148455   
8    4.278573e-09    8         356    7.416667   46.625630  0.094168   
9    4.813394e-09    9         356    6.592593   15.590659  0.031488   
10   5.348216e-09   10         356    5.933333   14.534937  0.029356   
11   5.883038e-09   11         356    5.393939   28.617603  0.057798   
12   6.417859e-09   12         356    4.944444   28.538388  0.057638   
13   6.952681e-09   13         356    4.564103    9.553936  0.019296   
14   7.487502e-09   14         356    4.238095   20.750533  0.041909   
15   8.022324e-09   15         356    3.955556    8.737729  0.017647   
16   8.557145e-09   16         356    3.708333   46.255265  0.093420   
17   9.091967e-09   17         356    3.490196   35.539224  0.071777   
18   9.626789e-09   18         356    3.296296    7.663155  0.015477   
19   1.016161e-08   19         356    3.122807   12.900007  0.026054   
20   1.069643e-08   20         356    2.966667    7.088701  0.014317   
21   1.123125e-08   21         356    2.825397    7.186145  0.014514   
22   1.176608e-08   22         356    2.696970    3.829547  0.007734   
23   1.230090e-08   23         356    2.579710   19.981257  0.040355   
24   1.283572e-08   24         356    2.472222   18.092812  0.036541   
25   1.337054e-08   25         356    2.373333   10.665997  0.021542   
26   1.390536e-08   26         356    2.282051   19.054439  0.038484   
27   1.444018e-08   27         356    2.197531    3.937049  0.007952   
28   1.497500e-08   28         356    2.119048   15.812376  0.031936   
29   1.550983e-08   29         356    2.045977   10.849564  0.021912   
..            ...  ...         ...         ...         ...       ...   
326  1.743518e-07  326         356    0.182004    0.900202  0.001818   
327  1.748867e-07  327         356    0.181448    1.792613  0.003620   
328  1.754215e-07  328         356    0.180894    1.079950  0.002181   
329  1.759563e-07  329         356    0.180344    3.995042  0.008069   
330  1.764911e-07  330         356    0.179798    4.042751  0.008165   
331  1.770259e-07  331         356    0.179255    3.667612  0.007407   
332  1.775608e-07  332         356    0.178715    1.981189  0.004001   
333  1.780956e-07  333         356    0.178178    1.577320  0.003186   
334  1.786304e-07  334         356    0.177645    3.214879  0.006493   
335  1.791652e-07  335         356    0.177114    2.138798  0.004320   
336  1.797001e-07  336         356    0.176587    2.380603  0.004808   
337  1.802349e-07  337         356    0.176063    2.238140  0.004520   
338  1.807697e-07  338         356    0.175542    0.734716  0.001484   
339  1.813045e-07  339         356    0.175025    1.724311  0.003483   
340  1.818393e-07  340         356    0.174510    2.240471  0.004525   
341  1.823742e-07  341         356    0.173998    1.220367  0.002465   
342  1.829090e-07  342         356    0.173489    4.015366  0.008110   
343  1.834438e-07  343         356    0.172983    3.154871  0.006372   
344  1.839786e-07  344         356    0.172481    1.998205  0.004036   
345  1.845134e-07  345         356    0.171981    2.357070  0.004760   
346  1.850483e-07  346         356    0.171484    1.042527  0.002106   
347  1.855831e-07  347         356    0.170989    3.499112  0.007067   
348  1.861179e-07  348         356    0.170498    3.165331  0.006393   
349  1.866527e-07  349         356    0.170010    4.601565  0.009294   
350  1.871876e-07  350         356    0.169524    2.022414  0.004085   
351  1.877224e-07  351         356    0.169041    3.538162  0.007146   
352  1.882572e-07  352         356    0.168561    2.250151  0.004545   
353  1.887920e-07  353         356    0.168083    1.415729  0.002859   
354  1.893268e-07  354         356    0.167608    1.162587  0.002348   
355  1.898617e-07  355         356    0.167136    2.558771  0.005168   

          amp  amp_norm       pha  pha_norm  
bin                                          
0    0.090968  0.065406  0.000000  0.000000  
1    0.270909  0.194784 -2.995612 -0.954379  
2    0.460524  0.331117  0.224276  0.071452  
3    0.305963  0.219988 -2.902911 -0.924845  
4    0.192740  0.138580 -0.185140 -0.058984  
5    0.091558  0.065830  2.305877  0.734635  
6    0.161663  0.116236 -1.276714 -0.406751  
7    0.206474  0.148455  1.689423  0.538237  
8    0.130971  0.094168 -1.754025 -0.558819  
9    0.043794  0.031488  0.530923  0.169148  
10   0.040828  0.029356  2.795498  0.890624  
11   0.080387  0.057798  0.707038  0.225257  
12   0.080164  0.057638 -2.062280 -0.657027  
13   0.026837  0.019296  0.191801  0.061106  
14   0.058288  0.041909  1.622760  0.516999  
15   0.024544  0.017647  3.027761  0.964622  
16   0.129931  0.093420 -0.847303 -0.269944  
17   0.099829  0.071777  2.135993  0.680511  
18   0.021526  0.015477 -2.188624 -0.697279  
19   0.036236  0.026054  0.453357  0.144436  
20   0.019912  0.014317  1.980682  0.631030  
21   0.020186  0.014514 -1.261721 -0.401975  
22   0.010757  0.007734 -1.974636 -0.629104  
23   0.056127  0.040355  1.434828  0.457125  
24   0.050823  0.036541 -1.990284 -0.634089  
25   0.029961  0.021542 -0.961595 -0.306357  
26   0.053524  0.038484  1.549653  0.493708  
27   0.011059  0.007952  1.353723  0.431286  
28   0.044417  0.031936 -1.408247 -0.448657  
29   0.030476  0.021912  1.817403  0.579011  
..        ...       ...       ...       ...  
326  0.002529  0.001818 -1.695379 -0.540135  
327  0.005035  0.003620  2.132975  0.679550  
328  0.003034  0.002181 -2.362630 -0.752716  
329  0.011222  0.008069  0.022191  0.007070  
330  0.011356  0.008165  3.109585  0.990690  
331  0.010302  0.007407  0.050390  0.016054  
332  0.005565  0.004001  2.953734  0.941037  
333  0.004431  0.003186  2.761975  0.879944  
334  0.009031  0.006493 -0.554871 -0.176778  
335  0.006008  0.004320 -2.910393 -0.927229  
336  0.006687  0.004808 -0.948442 -0.302166  
337  0.006287  0.004520  1.927141  0.613973  
338  0.002064  0.001484 -2.707006 -0.862432  
339  0.004844  0.003483 -3.068239 -0.977518  
340  0.006293  0.004525  1.048551  0.334060  
341  0.003428  0.002465 -0.429341 -0.136785  
342  0.011279  0.008110 -2.110836 -0.672496  
343  0.008862  0.006372  1.152397  0.367145  
344  0.005613  0.004036 -0.879525 -0.280210  
345  0.006621  0.004760  2.050644  0.653320  
346  0.002928  0.002106  2.287738  0.728856  
347  0.009829  0.007067 -2.221318 -0.707695  
348  0.008891  0.006393 -0.450036 -0.143378  
349  0.012926  0.009294  1.959060  0.624142  
350  0.005681  0.004085 -0.088075 -0.028060  
351  0.009939  0.007146 -2.607039 -0.830583  
352  0.006321  0.004545  1.966066  0.626374  
353  0.003977  0.002859 -1.639729 -0.522405  
354  0.003266  0.002348 -1.207898 -0.384827  
355  0.007188  0.005168  1.025611  0.326752  

[356 rows x 10 columns]
