                freq     bin  bins_total     period_yr        mag  mag_norm  \
bin                                                                           
0       0.000000e+00       0      121350  40450.000000  14.226586  0.138747   
1       1.568813e-12       1      121350  20225.000000  14.226587  0.138747   
2       3.137626e-12       2      121350  10112.500000  14.226592  0.138747   
3       4.706439e-12       3      121350   6741.666667  14.226599  0.138747   
4       6.275252e-12       4      121350   5056.250000  14.226608  0.138747   
5       7.844065e-12       5      121350   4045.000000  14.226621  0.138747   
6       9.412877e-12       6      121350   3370.833333  14.226637  0.138747   
7       1.098169e-11       7      121350   2889.285714  14.226655  0.138747   
8       1.255050e-11       8      121350   2528.125000  14.226677  0.138747   
9       1.411932e-11       9      121350   2247.222222  14.226701  0.138748   
10      1.568813e-11      10      121350   2022.500000  14.226729  0.138748   
11      1.725694e-11      11      121350   1838.636364  14.226760  0.138748   
12      1.882575e-11      12      121350   1685.416667  14.226794  0.138749   
13      2.039457e-11      13      121350   1555.769231  14.226831  0.138749   
14      2.196338e-11      14      121350   1444.642857  14.226872  0.138749   
15      2.353219e-11      15      121350   1348.333333  14.226917  0.138750   
16      2.510101e-11      16      121350   1264.062500  14.226965  0.138750   
17      2.666982e-11      17      121350   1189.705882  14.227017  0.138751   
18      2.823863e-11      18      121350   1123.611111  14.227072  0.138751   
19      2.980745e-11      19      121350   1064.473684  14.227132  0.138752   
20      3.137626e-11      20      121350   1011.250000  14.227197  0.138753   
21      3.294507e-11      21      121350    963.095238  14.227265  0.138753   
22      3.451388e-11      22      121350    919.318182  14.227338  0.138754   
23      3.608270e-11      23      121350    879.347826  14.227416  0.138755   
24      3.765151e-11      24      121350    842.708333  14.227498  0.138756   
25      3.922032e-11      25      121350    809.000000  14.227586  0.138756   
26      4.078914e-11      26      121350    777.884615  14.227679  0.138757   
27      4.235795e-11      27      121350    749.074074  14.227777  0.138758   
28      4.392676e-11      28      121350    722.321429  14.227881  0.138759   
29      4.549557e-11      29      121350    697.413793  14.227991  0.138760   
...              ...     ...         ...           ...        ...       ...   
121320  1.903284e-07  121320      121350      0.166708   0.075032  0.000732   
121321  1.903300e-07  121321      121350      0.166707   0.074941  0.000731   
121322  1.903315e-07  121322      121350      0.166705   0.074853  0.000730   
121323  1.903331e-07  121323      121350      0.166704   0.074768  0.000729   
121324  1.903347e-07  121324      121350      0.166702   0.074686  0.000728   
121325  1.903362e-07  121325      121350      0.166701   0.074607  0.000728   
121326  1.903378e-07  121326      121350      0.166700   0.074531  0.000727   
121327  1.903394e-07  121327      121350      0.166698   0.074458  0.000726   
121328  1.903409e-07  121328      121350      0.166697   0.074388  0.000725   
121329  1.903425e-07  121329      121350      0.166696   0.074321  0.000725   
121330  1.903441e-07  121330      121350      0.166694   0.074257  0.000724   
121331  1.903456e-07  121331      121350      0.166693   0.074196  0.000724   
121332  1.903472e-07  121332      121350      0.166691   0.074139  0.000723   
121333  1.903488e-07  121333      121350      0.166690   0.074084  0.000723   
121334  1.903503e-07  121334      121350      0.166689   0.074032  0.000722   
121335  1.903519e-07  121335      121350      0.166687   0.073983  0.000722   
121336  1.903535e-07  121336      121350      0.166686   0.073938  0.000721   
121337  1.903551e-07  121337      121350      0.166685   0.073895  0.000721   
121338  1.903566e-07  121338      121350      0.166683   0.073856  0.000720   
121339  1.903582e-07  121339      121350      0.166682   0.073820  0.000720   
121340  1.903598e-07  121340      121350      0.166680   0.073786  0.000720   
121341  1.903613e-07  121341      121350      0.166679   0.073756  0.000719   
121342  1.903629e-07  121342      121350      0.166678   0.073730  0.000719   
121343  1.903645e-07  121343      121350      0.166676   0.073706  0.000719   
121344  1.903660e-07  121344      121350      0.166675   0.073685  0.000719   
121345  1.903676e-07  121345      121350      0.166674   0.073668  0.000718   
121346  1.903692e-07  121346      121350      0.166672   0.073654  0.000718   
121347  1.903707e-07  121347      121350      0.166671   0.073643  0.000718   
121348  1.903723e-07  121348      121350      0.166669   0.073635  0.000718   
121349  1.903739e-07  121349      121350      0.166668   0.073630  0.000718   

                 amp  amp_norm       pha  pha_norm  
bin                                                 
0       1.172360e-04  0.138747  0.000000  0.000000  
1       1.172360e-04  0.138747 -0.011592 -0.003690  
2       1.172360e-04  0.138747 -0.023184 -0.007380  
3       1.172361e-04  0.138747 -0.034777 -0.011070  
4       1.172362e-04  0.138747 -0.046370 -0.014760  
5       1.172363e-04  0.138747 -0.057963 -0.018450  
6       1.172364e-04  0.138747 -0.069556 -0.022141  
7       1.172365e-04  0.138747 -0.081151 -0.025831  
8       1.172367e-04  0.138747 -0.092746 -0.029522  
9       1.172369e-04  0.138748 -0.104341 -0.033213  
10      1.172372e-04  0.138748 -0.115938 -0.036905  
11      1.172374e-04  0.138748 -0.127535 -0.040596  
12      1.172377e-04  0.138749 -0.139134 -0.044289  
13      1.172380e-04  0.138749 -0.150734 -0.047981  
14      1.172383e-04  0.138749 -0.162335 -0.051674  
15      1.172387e-04  0.138750 -0.173937 -0.055367  
16      1.172391e-04  0.138750 -0.185541 -0.059061  
17      1.172395e-04  0.138751 -0.197147 -0.062755  
18      1.172400e-04  0.138751 -0.208754 -0.066450  
19      1.172405e-04  0.138752 -0.220363 -0.070145  
20      1.172410e-04  0.138753 -0.231974 -0.073841  
21      1.172416e-04  0.138753 -0.243586 -0.077537  
22      1.172422e-04  0.138754 -0.255201 -0.081234  
23      1.172428e-04  0.138755 -0.266818 -0.084932  
24      1.172435e-04  0.138756 -0.278437 -0.088631  
25      1.172442e-04  0.138756 -0.290059 -0.092330  
26      1.172450e-04  0.138757 -0.301683 -0.096030  
27      1.172458e-04  0.138758 -0.313309 -0.099731  
28      1.172466e-04  0.138759 -0.324939 -0.103433  
29      1.172476e-04  0.138760 -0.336570 -0.107136  
...              ...       ...       ...       ...  
121320  6.183085e-07  0.000732  0.295798  0.094157  
121321  6.175611e-07  0.000731  0.286079  0.091063  
121322  6.168376e-07  0.000730  0.276346  0.087965  
121323  6.161382e-07  0.000729  0.266599  0.084863  
121324  6.154630e-07  0.000728  0.256839  0.081756  
121325  6.148121e-07  0.000728  0.247067  0.078645  
121326  6.141857e-07  0.000727  0.237283  0.075531  
121327  6.135839e-07  0.000726  0.227486  0.072412  
121328  6.130068e-07  0.000725  0.217679  0.069291  
121329  6.124545e-07  0.000725  0.207860  0.066165  
121330  6.119272e-07  0.000724  0.198032  0.063037  
121331  6.114249e-07  0.000724  0.188193  0.059905  
121332  6.109477e-07  0.000723  0.178344  0.056770  
121333  6.104958e-07  0.000723  0.168487  0.053632  
121334  6.100692e-07  0.000722  0.158621  0.050491  
121335  6.096680e-07  0.000722  0.148747  0.047348  
121336  6.092924e-07  0.000721  0.138865  0.044203  
121337  6.089423e-07  0.000721  0.128976  0.041055  
121338  6.086178e-07  0.000720  0.119081  0.037905  
121339  6.083191e-07  0.000720  0.109179  0.034753  
121340  6.080461e-07  0.000720  0.099272  0.031600  
121341  6.077990e-07  0.000719  0.089359  0.028444  
121342  6.075777e-07  0.000719  0.079442  0.025288  
121343  6.073824e-07  0.000719  0.069521  0.022130  
121344  6.072131e-07  0.000719  0.059596  0.018970  
121345  6.070697e-07  0.000718  0.049668  0.015810  
121346  6.069523e-07  0.000718  0.039738  0.012649  
121347  6.068611e-07  0.000718  0.029805  0.009487  
121348  6.067958e-07  0.000718  0.019871  0.006325  
121349  6.067567e-07  0.000718  0.009936  0.003163  

[121350 rows x 10 columns]
