                freq     bin  bins_total     period_yr           mag  \
bin                                                                    
0       0.000000e+00       0      106800  35600.000000  7.425797e-09   
1       1.782739e-12       1      106800  17800.000000  5.287358e-04   
2       3.565477e-12       2      106800   8900.000000  1.055267e-03   
3       5.348216e-12       3      106800   5933.333333  1.577390e-03   
4       7.130955e-12       4      106800   4450.000000  2.092902e-03   
5       8.913693e-12       5      106800   3560.000000  2.599603e-03   
6       1.069643e-11       6      106800   2966.666667  3.095303e-03   
7       1.247917e-11       7      106800   2542.857143  3.577832e-03   
8       1.426191e-11       8      106800   2225.000000  4.045050e-03   
9       1.604465e-11       9      106800   1977.777778  4.494876e-03   
10      1.782739e-11      10      106800   1780.000000  4.925313e-03   
11      1.961013e-11      11      106800   1618.181818  5.334489e-03   
12      2.139286e-11      12      106800   1483.333333  5.720721e-03   
13      2.317560e-11      13      106800   1369.230769  6.082581e-03   
14      2.495834e-11      14      106800   1271.428571  6.419001e-03   
15      2.674108e-11      15      106800   1186.666667  6.729399e-03   
16      2.852382e-11      16      106800   1112.500000  7.013846e-03   
17      3.030656e-11      17      106800   1047.058824  7.273275e-03   
18      3.208930e-11      18      106800    988.888889  7.509745e-03   
19      3.387203e-11      19      106800    936.842105  7.726764e-03   
20      3.565477e-11      20      106800    890.000000  7.929673e-03   
21      3.743751e-11      21      106800    847.619048  8.126080e-03   
22      3.922025e-11      22      106800    809.090909  8.326305e-03   
23      4.100299e-11      23      106800    773.913043  8.543785e-03   
24      4.278573e-11      24      106800    741.666667  8.795319e-03   
25      4.456847e-11      25      106800    712.000000  9.101017e-03   
26      4.635120e-11      26      106800    684.615385  9.483817e-03   
27      4.813394e-11      27      106800    659.259259  9.968496e-03   
28      4.991668e-11      28      106800    635.714286  1.058025e-02   
29      5.169942e-11      29      106800    613.793103  1.134313e-02   
...              ...     ...         ...           ...           ...   
106770  1.903430e-07  106770      106800      0.166713  1.770611e+00   
106771  1.903448e-07  106771      106800      0.166712  1.756197e+00   
106772  1.903466e-07  106772      106800      0.166710  1.742125e+00   
106773  1.903484e-07  106773      106800      0.166709  1.728406e+00   
106774  1.903501e-07  106774      106800      0.166707  1.715051e+00   
106775  1.903519e-07  106775      106800      0.166706  1.702074e+00   
106776  1.903537e-07  106776      106800      0.166704  1.689486e+00   
106777  1.903555e-07  106777      106800      0.166703  1.677298e+00   
106778  1.903573e-07  106778      106800      0.166701  1.665523e+00   
106779  1.903590e-07  106779      106800      0.166699  1.654172e+00   
106780  1.903608e-07  106780      106800      0.166698  1.643257e+00   
106781  1.903626e-07  106781      106800      0.166696  1.632789e+00   
106782  1.903644e-07  106782      106800      0.166695  1.622780e+00   
106783  1.903662e-07  106783      106800      0.166693  1.613241e+00   
106784  1.903680e-07  106784      106800      0.166692  1.604182e+00   
106785  1.903697e-07  106785      106800      0.166690  1.595614e+00   
106786  1.903715e-07  106786      106800      0.166689  1.587547e+00   
106787  1.903733e-07  106787      106800      0.166687  1.579991e+00   
106788  1.903751e-07  106788      106800      0.166685  1.572954e+00   
106789  1.903769e-07  106789      106800      0.166684  1.566446e+00   
106790  1.903787e-07  106790      106800      0.166682  1.560474e+00   
106791  1.903804e-07  106791      106800      0.166681  1.555047e+00   
106792  1.903822e-07  106792      106800      0.166679  1.550172e+00   
106793  1.903840e-07  106793      106800      0.166678  1.545855e+00   
106794  1.903858e-07  106794      106800      0.166676  1.542101e+00   
106795  1.903876e-07  106795      106800      0.166674  1.538916e+00   
106796  1.903894e-07  106796      106800      0.166673  1.536304e+00   
106797  1.903911e-07  106797      106800      0.166671  1.534269e+00   
106798  1.903929e-07  106798      106800      0.166670  1.532813e+00   
106799  1.903947e-07  106799      106800      0.166668  1.531939e+00   

            mag_norm           amp      amp_norm       pha  pha_norm  
bin                                                                   
0       7.336969e-12  6.952993e-14  7.336969e-12  3.141593  1.000000  
1       5.224110e-07  4.950709e-09  5.224110e-07 -1.581457 -0.503393  
2       1.042644e-06  9.880780e-09  1.042644e-06 -1.591945 -0.506732  
3       1.558522e-06  1.476957e-08  1.558522e-06 -1.602132 -0.509975  
4       2.067867e-06  1.959646e-08  2.067867e-06 -1.611857 -0.513070  
5       2.568507e-06  2.434085e-08  2.568507e-06 -1.620953 -0.515965  
6       3.058277e-06  2.898224e-08  3.058277e-06 -1.629247 -0.518605  
7       3.535034e-06  3.350030e-08  3.535034e-06 -1.636553 -0.520931  
8       3.996663e-06  3.787500e-08  3.996663e-06 -1.642671 -0.522878  
9       4.441109e-06  4.208686e-08  4.441109e-06 -1.647381 -0.524378  
10      4.866396e-06  4.611716e-08  4.866396e-06 -1.650444 -0.525353  
11      5.270678e-06  4.994840e-08  5.270678e-06 -1.651591 -0.525718  
12      5.652289e-06  5.356480e-08  5.652289e-06 -1.650523 -0.525378  
13      6.009821e-06  5.695300e-08  6.009821e-06 -1.646905 -0.524226  
14      6.342216e-06  6.010300e-08  6.342216e-06 -1.640360 -0.522143  
15      6.648902e-06  6.300935e-08  6.648902e-06 -1.630460 -0.518992  
16      6.929947e-06  6.567272e-08  6.929947e-06 -1.616731 -0.514622  
17      7.186272e-06  6.810183e-08  7.186272e-06 -1.598642 -0.508864  
18      7.419913e-06  7.031596e-08  7.419913e-06 -1.575613 -0.501533  
19      7.634336e-06  7.234797e-08  7.634336e-06 -1.547024 -0.492433  
20      7.834818e-06  7.424787e-08  7.834818e-06 -1.512241 -0.481361  
21      8.028875e-06  7.608689e-08  8.028875e-06 -1.470660 -0.468126  
22      8.226706e-06  7.796166e-08  8.226706e-06 -1.421776 -0.452565  
23      8.441584e-06  7.999799e-08  8.441584e-06 -1.365284 -0.434583  
24      8.690109e-06  8.235317e-08  8.690109e-06 -1.301207 -0.414187  
25      8.992150e-06  8.521551e-08  8.992150e-06 -1.230034 -0.391532  
26      9.370372e-06  8.879979e-08  9.370372e-06 -1.152829 -0.366957  
27      9.849253e-06  9.333798e-08  9.849253e-06 -1.071256 -0.340991  
28      1.045369e-05  9.906602e-08  1.045369e-05 -0.987475 -0.314323  
29      1.120745e-05  1.062091e-07  1.120745e-05 -0.903911 -0.287724  
...              ...           ...           ...       ...       ...  
106770  1.749431e-03  1.657876e-05  1.749431e-03 -2.289005 -0.728613  
106771  1.735190e-03  1.644380e-05  1.735190e-03 -2.314222 -0.736640  
106772  1.721286e-03  1.631203e-05  1.721286e-03 -2.339701 -0.744750  
106773  1.707730e-03  1.618357e-05  1.707730e-03 -2.365441 -0.752943  
106774  1.694536e-03  1.605853e-05  1.694536e-03 -2.391443 -0.761220  
106775  1.681714e-03  1.593702e-05  1.681714e-03 -2.417704 -0.769579  
106776  1.669276e-03  1.581915e-05  1.669276e-03 -2.444224 -0.778021  
106777  1.657234e-03  1.570504e-05  1.657234e-03 -2.470999 -0.786543  
106778  1.645600e-03  1.559478e-05  1.645600e-03 -2.498027 -0.795147  
106779  1.634385e-03  1.548850e-05  1.634385e-03 -2.525303 -0.803829  
106780  1.623600e-03  1.538630e-05  1.623600e-03 -2.552825 -0.812589  
106781  1.613258e-03  1.528829e-05  1.613258e-03 -2.580585 -0.821426  
106782  1.603369e-03  1.519457e-05  1.603369e-03 -2.608580 -0.830337  
106783  1.593944e-03  1.510525e-05  1.593944e-03 -2.636801 -0.839320  
106784  1.584993e-03  1.502043e-05  1.584993e-03 -2.665243 -0.848373  
106785  1.576528e-03  1.494021e-05  1.576528e-03 -2.693897 -0.857494  
106786  1.568557e-03  1.486467e-05  1.568557e-03 -2.722754 -0.866680  
106787  1.561091e-03  1.479392e-05  1.561091e-03 -2.751806 -0.875927  
106788  1.554138e-03  1.472803e-05  1.554138e-03 -2.781040 -0.885233  
106789  1.547708e-03  1.466709e-05  1.547708e-03 -2.810448 -0.894593  
106790  1.541808e-03  1.461118e-05  1.541808e-03 -2.840017 -0.904005  
106791  1.536446e-03  1.456037e-05  1.536446e-03 -2.869735 -0.913465  
106792  1.531629e-03  1.451472e-05  1.531629e-03 -2.899588 -0.922968  
106793  1.527363e-03  1.447430e-05  1.527363e-03 -2.929564 -0.932509  
106794  1.523654e-03  1.443915e-05  1.523654e-03 -2.959649 -0.942086  
106795  1.520508e-03  1.440933e-05  1.520508e-03 -2.989827 -0.951692  
106796  1.517927e-03  1.438487e-05  1.517927e-03 -3.020085 -0.961323  
106797  1.515916e-03  1.436582e-05  1.515916e-03 -3.050406 -0.970974  
106798  1.514478e-03  1.435219e-05  1.514478e-03 -3.080775 -0.980641  
106799  1.513614e-03  1.434400e-05  1.513614e-03 -3.111176 -0.990318  

[106800 rows x 10 columns]
