                freq     bin  bins_total     period_yr        mag  mag_norm  \
bin                                                                           
0       0.000000e+00       0      106650  35550.000000  14.611710  0.157807   
1       1.785213e-12       1      106650  17775.000000  14.611794  0.157808   
2       3.570427e-12       2      106650   8887.500000  14.612044  0.157810   
3       5.355640e-12       3      106650   5925.000000  14.612461  0.157815   
4       7.140854e-12       4      106650   4443.750000  14.613045  0.157821   
5       8.926067e-12       5      106650   3555.000000  14.613796  0.157829   
6       1.071128e-11       6      106650   2962.500000  14.614713  0.157839   
7       1.249649e-11       7      106650   2539.285714  14.615798  0.157851   
8       1.428171e-11       8      106650   2221.875000  14.617050  0.157864   
9       1.606692e-11       9      106650   1975.000000  14.618468  0.157880   
10      1.785213e-11      10      106650   1777.500000  14.620054  0.157897   
11      1.963735e-11      11      106650   1615.909091  14.621807  0.157916   
12      2.142256e-11      12      106650   1481.250000  14.623727  0.157937   
13      2.320777e-11      13      106650   1367.307692  14.625814  0.157959   
14      2.499299e-11      14      106650   1269.642857  14.628068  0.157983   
15      2.677820e-11      15      106650   1185.000000  14.630490  0.158010   
16      2.856341e-11      16      106650   1110.937500  14.633080  0.158038   
17      3.034863e-11      17      106650   1045.588235  14.635837  0.158067   
18      3.213384e-11      18      106650    987.500000  14.638762  0.158099   
19      3.391905e-11      19      106650    935.526316  14.641854  0.158132   
20      3.570427e-11      20      106650    888.750000  14.645115  0.158168   
21      3.748948e-11      21      106650    846.428571  14.648543  0.158205   
22      3.927469e-11      22      106650    807.954545  14.652140  0.158243   
23      4.105991e-11      23      106650    772.826087  14.655905  0.158284   
24      4.284512e-11      24      106650    740.625000  14.659838  0.158327   
25      4.463034e-11      25      106650    711.000000  14.663940  0.158371   
26      4.641555e-11      26      106650    683.653846  14.668211  0.158417   
27      4.820076e-11      27      106650    658.333333  14.672650  0.158465   
28      4.998598e-11      28      106650    634.821429  14.677259  0.158515   
29      5.177119e-11      29      106650    612.931034  14.682037  0.158566   
...              ...     ...         ...           ...        ...       ...   
106620  1.903395e-07  106620      106650      0.166714   0.134972  0.001458   
106621  1.903412e-07  106621      106650      0.166712   0.134996  0.001458   
106622  1.903430e-07  106622      106650      0.166710   0.135019  0.001458   
106623  1.903448e-07  106623      106650      0.166709   0.135041  0.001458   
106624  1.903466e-07  106624      106650      0.166707   0.135061  0.001459   
106625  1.903484e-07  106625      106650      0.166706   0.135081  0.001459   
106626  1.903502e-07  106626      106650      0.166704   0.135100  0.001459   
106627  1.903519e-07  106627      106650      0.166703   0.135118  0.001459   
106628  1.903537e-07  106628      106650      0.166701   0.135135  0.001459   
106629  1.903555e-07  106629      106650      0.166699   0.135152  0.001460   
106630  1.903573e-07  106630      106650      0.166698   0.135167  0.001460   
106631  1.903591e-07  106631      106650      0.166696   0.135181  0.001460   
106632  1.903609e-07  106632      106650      0.166695   0.135195  0.001460   
106633  1.903627e-07  106633      106650      0.166693   0.135208  0.001460   
106634  1.903644e-07  106634      106650      0.166692   0.135220  0.001460   
106635  1.903662e-07  106635      106650      0.166690   0.135231  0.001460   
106636  1.903680e-07  106636      106650      0.166689   0.135241  0.001461   
106637  1.903698e-07  106637      106650      0.166687   0.135251  0.001461   
106638  1.903716e-07  106638      106650      0.166685   0.135260  0.001461   
106639  1.903734e-07  106639      106650      0.166684   0.135268  0.001461   
106640  1.903752e-07  106640      106650      0.166682   0.135275  0.001461   
106641  1.903769e-07  106641      106650      0.166681   0.135282  0.001461   
106642  1.903787e-07  106642      106650      0.166679   0.135288  0.001461   
106643  1.903805e-07  106643      106650      0.166678   0.135293  0.001461   
106644  1.903823e-07  106644      106650      0.166676   0.135298  0.001461   
106645  1.903841e-07  106645      106650      0.166674   0.135301  0.001461   
106646  1.903859e-07  106646      106650      0.166673   0.135304  0.001461   
106647  1.903877e-07  106647      106650      0.166671   0.135307  0.001461   
106648  1.903894e-07  106648      106650      0.166670   0.135308  0.001461   
106649  1.903912e-07  106649      106650      0.166668   0.135310  0.001461   

             amp  amp_norm       pha  pha_norm  
bin                                             
0       0.000137  0.157807  0.000000  0.000000  
1       0.000137  0.157808 -0.010720 -0.003412  
2       0.000137  0.157810 -0.021440 -0.006825  
3       0.000137  0.157815 -0.032160 -0.010237  
4       0.000137  0.157821 -0.042880 -0.013649  
5       0.000137  0.157829 -0.053601 -0.017062  
6       0.000137  0.157839 -0.064322 -0.020474  
7       0.000137  0.157851 -0.075043 -0.023887  
8       0.000137  0.157864 -0.085765 -0.027300  
9       0.000137  0.157880 -0.096488 -0.030713  
10      0.000137  0.157897 -0.107211 -0.034126  
11      0.000137  0.157916 -0.117935 -0.037540  
12      0.000137  0.157937 -0.128659 -0.040954  
13      0.000137  0.157959 -0.139384 -0.044368  
14      0.000137  0.157983 -0.150111 -0.047782  
15      0.000137  0.158010 -0.160838 -0.051197  
16      0.000137  0.158038 -0.171566 -0.054611  
17      0.000137  0.158067 -0.182296 -0.058027  
18      0.000137  0.158099 -0.193026 -0.061442  
19      0.000137  0.158132 -0.203758 -0.064858  
20      0.000137  0.158168 -0.214491 -0.068275  
21      0.000137  0.158205 -0.225225 -0.071692  
22      0.000137  0.158243 -0.235961 -0.075109  
23      0.000137  0.158284 -0.246699 -0.078527  
24      0.000137  0.158327 -0.257438 -0.081945  
25      0.000137  0.158371 -0.268178 -0.085364  
26      0.000138  0.158417 -0.278921 -0.088784  
27      0.000138  0.158465 -0.289665 -0.092204  
28      0.000138  0.158515 -0.300411 -0.095624  
29      0.000138  0.158566 -0.311159 -0.099045  
...          ...       ...       ...       ...  
106620  0.000001  0.001458  0.060489  0.019254  
106621  0.000001  0.001458  0.058402  0.018590  
106622  0.000001  0.001458  0.056322  0.017928  
106623  0.000001  0.001458  0.054248  0.017268  
106624  0.000001  0.001459  0.052182  0.016610  
106625  0.000001  0.001459  0.050121  0.015954  
106626  0.000001  0.001459  0.048067  0.015300  
106627  0.000001  0.001459  0.046019  0.014648  
106628  0.000001  0.001459  0.043977  0.013998  
106629  0.000001  0.001460  0.041940  0.013350  
106630  0.000001  0.001460  0.039908  0.012703  
106631  0.000001  0.001460  0.037881  0.012058  
106632  0.000001  0.001460  0.035859  0.011414  
106633  0.000001  0.001460  0.033842  0.010772  
106634  0.000001  0.001460  0.031829  0.010132  
106635  0.000001  0.001460  0.029820  0.009492  
106636  0.000001  0.001461  0.027815  0.008854  
106637  0.000001  0.001461  0.025813  0.008217  
106638  0.000001  0.001461  0.023815  0.007580  
106639  0.000001  0.001461  0.021819  0.006945  
106640  0.000001  0.001461  0.019827  0.006311  
106641  0.000001  0.001461  0.017837  0.005678  
106642  0.000001  0.001461  0.015849  0.005045  
106643  0.000001  0.001461  0.013863  0.004413  
106644  0.000001  0.001461  0.011880  0.003781  
106645  0.000001  0.001461  0.009897  0.003150  
106646  0.000001  0.001461  0.007916  0.002520  
106647  0.000001  0.001461  0.005936  0.001890  
106648  0.000001  0.001461  0.003957  0.001260  
106649  0.000001  0.001461  0.001978  0.000630  

[106650 rows x 10 columns]
