                freq     bin  bins_total     period_yr       mag  mag_norm  \
bin                                                                          
0       0.000000e+00       0      106650  35550.000000  0.331604  0.003592   
1       1.785213e-12       1      106650  17775.000000  0.331710  0.003593   
2       3.570427e-12       2      106650   8887.500000  0.332025  0.003597   
3       5.355640e-12       3      106650   5925.000000  0.332551  0.003602   
4       7.140854e-12       4      106650   4443.750000  0.333284  0.003610   
5       8.926067e-12       5      106650   3555.000000  0.334224  0.003620   
6       1.071128e-11       6      106650   2962.500000  0.335369  0.003633   
7       1.249649e-11       7      106650   2539.285714  0.336716  0.003647   
8       1.428171e-11       8      106650   2221.875000  0.338261  0.003664   
9       1.606692e-11       9      106650   1975.000000  0.340002  0.003683   
10      1.785213e-11      10      106650   1777.500000  0.341935  0.003704   
11      1.963735e-11      11      106650   1615.909091  0.344055  0.003727   
12      2.142256e-11      12      106650   1481.250000  0.346359  0.003752   
13      2.320777e-11      13      106650   1367.307692  0.348841  0.003779   
14      2.499299e-11      14      106650   1269.642857  0.351496  0.003808   
15      2.677820e-11      15      106650   1185.000000  0.354320  0.003838   
16      2.856341e-11      16      106650   1110.937500  0.357308  0.003871   
17      3.034863e-11      17      106650   1045.588235  0.360453  0.003905   
18      3.213384e-11      18      106650    987.500000  0.363750  0.003940   
19      3.391905e-11      19      106650    935.526316  0.367195  0.003978   
20      3.570427e-11      20      106650    888.750000  0.370780  0.004016   
21      3.748948e-11      21      106650    846.428571  0.374501  0.004057   
22      3.927469e-11      22      106650    807.954545  0.378351  0.004098   
23      4.105991e-11      23      106650    772.826087  0.382326  0.004142   
24      4.284512e-11      24      106650    740.625000  0.386419  0.004186   
25      4.463034e-11      25      106650    711.000000  0.390626  0.004231   
26      4.641555e-11      26      106650    683.653846  0.394939  0.004278   
27      4.820076e-11      27      106650    658.333333  0.399355  0.004326   
28      4.998598e-11      28      106650    634.821429  0.403867  0.004375   
29      5.177119e-11      29      106650    612.931034  0.408471  0.004425   
...              ...     ...         ...           ...       ...       ...   
106620  1.903395e-07  106620      106650      0.166714  0.051739  0.000560   
106621  1.903412e-07  106621      106650      0.166712  0.051846  0.000562   
106622  1.903430e-07  106622      106650      0.166710  0.051950  0.000563   
106623  1.903448e-07  106623      106650      0.166709  0.052050  0.000564   
106624  1.903466e-07  106624      106650      0.166707  0.052147  0.000565   
106625  1.903484e-07  106625      106650      0.166706  0.052240  0.000566   
106626  1.903502e-07  106626      106650      0.166704  0.052330  0.000567   
106627  1.903519e-07  106627      106650      0.166703  0.052416  0.000568   
106628  1.903537e-07  106628      106650      0.166701  0.052499  0.000569   
106629  1.903555e-07  106629      106650      0.166699  0.052578  0.000570   
106630  1.903573e-07  106630      106650      0.166698  0.052654  0.000570   
106631  1.903591e-07  106631      106650      0.166696  0.052726  0.000571   
106632  1.903609e-07  106632      106650      0.166695  0.052794  0.000572   
106633  1.903627e-07  106633      106650      0.166693  0.052859  0.000573   
106634  1.903644e-07  106634      106650      0.166692  0.052921  0.000573   
106635  1.903662e-07  106635      106650      0.166690  0.052978  0.000574   
106636  1.903680e-07  106636      106650      0.166689  0.053032  0.000574   
106637  1.903698e-07  106637      106650      0.166687  0.053083  0.000575   
106638  1.903716e-07  106638      106650      0.166685  0.053129  0.000576   
106639  1.903734e-07  106639      106650      0.166684  0.053172  0.000576   
106640  1.903752e-07  106640      106650      0.166682  0.053211  0.000576   
106641  1.903769e-07  106641      106650      0.166681  0.053247  0.000577   
106642  1.903787e-07  106642      106650      0.166679  0.053279  0.000577   
106643  1.903805e-07  106643      106650      0.166678  0.053307  0.000577   
106644  1.903823e-07  106644      106650      0.166676  0.053331  0.000578   
106645  1.903841e-07  106645      106650      0.166674  0.053352  0.000578   
106646  1.903859e-07  106646      106650      0.166673  0.053369  0.000578   
106647  1.903877e-07  106647      106650      0.166671  0.053382  0.000578   
106648  1.903894e-07  106648      106650      0.166670  0.053391  0.000578   
106649  1.903912e-07  106649      106650      0.166668  0.053397  0.000578   

                 amp  amp_norm       pha  pha_norm  
bin                                                 
0       3.109277e-06  0.003592  3.141593  1.000000  
1       3.110264e-06  0.003593  3.104178  0.988091  
2       3.113224e-06  0.003597  3.066798  0.976192  
3       3.118148e-06  0.003602  3.029487  0.964316  
4       3.125027e-06  0.003610  2.992279  0.952472  
5       3.133843e-06  0.003620  2.955208  0.940672  
6       3.144577e-06  0.003633  2.918304  0.928925  
7       3.157204e-06  0.003647  2.881599  0.917241  
8       3.171696e-06  0.003664  2.845122  0.905630  
9       3.188020e-06  0.003683  2.808901  0.894101  
10      3.206142e-06  0.003704  2.772960  0.882661  
11      3.226023e-06  0.003727  2.737326  0.871318  
12      3.247621e-06  0.003752  2.702017  0.860079  
13      3.270893e-06  0.003779  2.667056  0.848950  
14      3.295793e-06  0.003808  2.632459  0.837938  
15      3.322273e-06  0.003838  2.598241  0.827046  
16      3.350283e-06  0.003871  2.564417  0.816279  
17      3.379774e-06  0.003905  2.530998  0.805642  
18      3.410693e-06  0.003940  2.497992  0.795136  
19      3.442988e-06  0.003978  2.465409  0.784764  
20      3.476606e-06  0.004016  2.433252  0.774528  
21      3.511494e-06  0.004057  2.401527  0.764430  
22      3.547599e-06  0.004098  2.370236  0.754470  
23      3.584868e-06  0.004142  2.339380  0.744648  
24      3.623248e-06  0.004186  2.308959  0.734964  
25      3.662687e-06  0.004231  2.278971  0.725419  
26      3.703134e-06  0.004278  2.249413  0.716010  
27      3.744537e-06  0.004326  2.220281  0.706738  
28      3.786848e-06  0.004375  2.191572  0.697599  
29      3.830016e-06  0.004425  2.163279  0.688593  
...              ...       ...       ...       ...  
106620  4.851277e-07  0.000560  0.121566  0.038696  
106621  4.861312e-07  0.000562  0.117774  0.037489  
106622  4.871030e-07  0.000563  0.113955  0.036273  
106623  4.880427e-07  0.000564  0.110110  0.035049  
106624  4.889502e-07  0.000565  0.106240  0.033817  
106625  4.898253e-07  0.000566  0.102346  0.032578  
106626  4.906677e-07  0.000567  0.098429  0.031331  
106627  4.914772e-07  0.000568  0.094490  0.030077  
106628  4.922537e-07  0.000569  0.090530  0.028817  
106629  4.929969e-07  0.000570  0.086550  0.027550  
106630  4.937068e-07  0.000570  0.082551  0.026277  
106631  4.943830e-07  0.000571  0.078534  0.024998  
106632  4.950255e-07  0.000572  0.074499  0.023714  
106633  4.956342e-07  0.000573  0.070449  0.022425  
106634  4.962088e-07  0.000573  0.066383  0.021130  
106635  4.967492e-07  0.000574  0.062303  0.019832  
106636  4.972554e-07  0.000574  0.058210  0.018529  
106637  4.977272e-07  0.000575  0.054104  0.017222  
106638  4.981644e-07  0.000576  0.049986  0.015911  
106639  4.985670e-07  0.000576  0.045858  0.014597  
106640  4.989350e-07  0.000576  0.041720  0.013280  
106641  4.992681e-07  0.000577  0.037573  0.011960  
106642  4.995664e-07  0.000577  0.033419  0.010637  
106643  4.998298e-07  0.000577  0.029257  0.009313  
106644  5.000581e-07  0.000578  0.025089  0.007986  
106645  5.002514e-07  0.000578  0.020915  0.006658  
106646  5.004097e-07  0.000578  0.016738  0.005328  
106647  5.005328e-07  0.000578  0.012556  0.003997  
106648  5.006207e-07  0.000578  0.008372  0.002665  
106649  5.006735e-07  0.000578  0.004187  0.001333  

[106650 rows x 10 columns]
