             freq  bin  bins_total   period_yr         mag  mag_norm  \
bin                                                                    
0    0.000000e+00    0         405  135.000000   16.170000  0.117036   
1    4.706439e-10    1         405   67.500000   12.729048  0.092131   
2    9.412877e-10    2         405   33.750000   58.241329  0.421543   
3    1.411932e-09    3         405   22.500000   24.610997  0.178131   
4    1.882575e-09    4         405   16.875000   33.758531  0.244340   
5    2.353219e-09    5         405   13.500000   67.729840  0.490220   
6    2.823863e-09    6         405   11.250000   94.495625  0.683948   
7    3.294507e-09    7         405    9.642857   40.453428  0.292797   
8    3.765151e-09    8         405    8.437500   19.128050  0.138446   
9    4.235795e-09    9         405    7.500000   26.698164  0.193238   
10   4.706439e-09   10         405    6.750000   35.105919  0.254092   
11   5.177083e-09   11         405    6.136364   65.411819  0.473443   
12   5.647726e-09   12         405    5.625000  125.538849  0.908635   
13   6.118370e-09   13         405    5.192308   75.461152  0.546178   
14   6.589014e-09   14         405    4.821429  138.162086  1.000000   
15   7.059658e-09   15         405    4.500000   48.754977  0.352882   
16   7.530302e-09   16         405    4.218750   68.711970  0.497329   
17   8.000946e-09   17         405    3.970588   35.183521  0.254654   
18   8.471590e-09   18         405    3.750000   96.982679  0.701949   
19   8.942234e-09   19         405    3.552632  132.387544  0.958205   
20   9.412877e-09   20         405    3.375000   40.514037  0.293236   
21   9.883521e-09   21         405    3.214286    9.361324  0.067756   
22   1.035417e-08   22         405    3.068182  103.179818  0.746803   
23   1.082481e-08   23         405    2.934783   96.889934  0.701277   
24   1.129545e-08   24         405    2.812500   28.433719  0.205800   
25   1.176610e-08   25         405    2.700000   43.174071  0.312489   
26   1.223674e-08   26         405    2.596154   59.297135  0.429185   
27   1.270738e-08   27         405    2.500000   92.824198  0.671850   
28   1.317803e-08   28         405    2.410714   81.645971  0.590943   
29   1.364867e-08   29         405    2.327586   43.879415  0.317594   
..            ...  ...         ...         ...         ...       ...   
375  1.764915e-07  375         405    0.180000    1.094854  0.007924   
376  1.769621e-07  376         405    0.179521    0.543257  0.003932   
377  1.774327e-07  377         405    0.179045    0.628573  0.004550   
378  1.779034e-07  378         405    0.178571    0.640262  0.004634   
379  1.783740e-07  379         405    0.178100    0.626188  0.004532   
380  1.788447e-07  380         405    0.177632    1.766445  0.012785   
381  1.793153e-07  381         405    0.177165    1.451659  0.010507   
382  1.797860e-07  382         405    0.176702    0.607232  0.004395   
383  1.802566e-07  383         405    0.176240    0.575594  0.004166   
384  1.807272e-07  384         405    0.175781    0.741347  0.005366   
385  1.811979e-07  385         405    0.175325    0.836994  0.006058   
386  1.816685e-07  386         405    0.174870    1.144168  0.008281   
387  1.821392e-07  387         405    0.174419    0.468241  0.003389   
388  1.826098e-07  388         405    0.173969    0.459175  0.003323   
389  1.830805e-07  389         405    0.173522    0.721567  0.005223   
390  1.835511e-07  390         405    0.173077    0.565294  0.004092   
391  1.840218e-07  391         405    0.172634    1.108395  0.008022   
392  1.844924e-07  392         405    0.172194    2.214966  0.016032   
393  1.849630e-07  393         405    0.171756    0.866267  0.006270   
394  1.854337e-07  394         405    0.171320    1.550097  0.011219   
395  1.859043e-07  395         405    0.170886    1.939501  0.014038   
396  1.863750e-07  396         405    0.170455    0.970141  0.007022   
397  1.868456e-07  397         405    0.170025    0.621328  0.004497   
398  1.873163e-07  398         405    0.169598    0.741643  0.005368   
399  1.877869e-07  399         405    0.169173    1.551266  0.011228   
400  1.882575e-07  400         405    0.168750    0.892273  0.006458   
401  1.887282e-07  401         405    0.168329    0.660951  0.004784   
402  1.891988e-07  402         405    0.167910    2.321855  0.016805   
403  1.896695e-07  403         405    0.167494    1.111251  0.008043   
404  1.901401e-07  404         405    0.167079    0.755003  0.005465   

          amp  amp_norm       pha  pha_norm  
bin                                          
0    0.039926  0.117036  0.000000  0.000000  
1    0.031430  0.092131 -2.784462 -0.890075  
2    0.143806  0.421543 -1.278747 -0.408762  
3    0.060768  0.178131  2.301789  0.735785  
4    0.083354  0.244340  0.582861  0.186316  
5    0.167234  0.490220 -1.029581 -0.329114  
6    0.233323  0.683948  1.148228  0.367040  
7    0.099885  0.292797  1.436398  0.459156  
8    0.047230  0.138446 -2.622538 -0.838315  
9    0.065921  0.193238 -0.703637 -0.224923  
10   0.086681  0.254092 -1.329492 -0.424982  
11   0.161511  0.473443  2.435737  0.778602  
12   0.309972  0.908635  2.700365  0.863193  
13   0.186324  0.546178 -2.397045 -0.766234  
14   0.341141  1.000000  1.724193  0.551152  
15   0.120383  0.352882 -2.737181 -0.874962  
16   0.169659  0.497329  2.274299  0.726997  
17   0.086873  0.254654 -0.319220 -0.102041  
18   0.239463  0.701949  0.274815  0.087847  
19   0.326883  0.958205 -3.091276 -0.988151  
20   0.100035  0.293236  1.098444  0.351126  
21   0.023114  0.067756 -2.991040 -0.956109  
22   0.254765  0.746803 -2.996211 -0.957762  
23   0.239234  0.701277 -2.881215 -0.921003  
24   0.070207  0.205800  0.310812  0.099354  
25   0.106603  0.312489 -0.878045 -0.280674  
26   0.146413  0.429185 -2.595526 -0.829680  
27   0.229196  0.671850 -0.426063 -0.136194  
28   0.201595  0.590943  2.535594  0.810523  
29   0.108344  0.317594  1.929399  0.616748  
..        ...       ...       ...       ...  
375  0.002703  0.007924  3.069798  0.981285  
376  0.001341  0.003932  2.669888  0.853451  
377  0.001552  0.004550 -3.085707 -0.986370  
378  0.001581  0.004634  2.639374  0.843697  
379  0.001546  0.004532 -1.693904 -0.541470  
380  0.004362  0.012785  2.380020  0.760792  
381  0.003584  0.010507  2.777588  0.887878  
382  0.001499  0.004395  2.816035  0.900168  
383  0.001421  0.004166  2.355574  0.752978  
384  0.001830  0.005366  1.446202  0.462290  
385  0.002067  0.006058 -2.316658 -0.740538  
386  0.002825  0.008281  3.054289  0.976327  
387  0.001156  0.003389 -2.505427 -0.800880  
388  0.001134  0.003323 -1.755734 -0.561234  
389  0.001782  0.005223 -3.067529 -0.980560  
390  0.001396  0.004092 -1.352071 -0.432200  
391  0.002737  0.008022 -2.565689 -0.820143  
392  0.005469  0.016032 -2.761204 -0.882641  
393  0.002139  0.006270 -2.823493 -0.902552  
394  0.003827  0.011219 -3.124892 -0.998896  
395  0.004789  0.014038 -3.100981 -0.991253  
396  0.002395  0.007022  2.678945  0.856346  
397  0.001534  0.004497 -3.046556 -0.973856  
398  0.001831  0.005368  2.395744  0.765818  
399  0.003830  0.011228 -2.575399 -0.823247  
400  0.002203  0.006458 -2.362318 -0.755133  
401  0.001632  0.004784 -2.014569 -0.643973  
402  0.005733  0.016805 -2.907821 -0.929508  
403  0.002744  0.008043  3.013185  0.963188  
404  0.001864  0.005465  2.920482  0.933555  

[405 rows x 10 columns]
