             freq  bin  bins_total   period_yr         mag  mag_norm  \
bin                                                                    
0    0.000000e+00    0         356  118.666667  102.778537  0.460087   
1    5.348216e-10    1         356   59.333333   98.642727  0.441573   
2    1.069643e-09    2         356   29.666667   96.915514  0.433841   
3    1.604465e-09    3         356   19.777778   93.413013  0.418162   
4    2.139286e-09    4         356   14.833333   71.485370  0.320003   
5    2.674108e-09    5         356   11.866667   51.572103  0.230862   
6    3.208930e-09    6         356    9.888889   47.029896  0.210529   
7    3.743751e-09    7         356    8.476190   43.521300  0.194823   
8    4.278573e-09    8         356    7.416667   36.359085  0.162761   
9    4.813394e-09    9         356    6.592593   27.809972  0.124491   
10   5.348216e-09   10         356    5.933333   22.224772  0.099489   
11   5.883038e-09   11         356    5.393939   17.607499  0.078820   
12   6.417859e-09   12         356    4.944444   13.726377  0.061446   
13   6.952681e-09   13         356    4.564103    8.469699  0.037915   
14   7.487502e-09   14         356    4.238095    6.664231  0.029832   
15   8.022324e-09   15         356    3.955556   13.193924  0.059062   
16   8.557145e-09   16         356    3.708333   16.649048  0.074529   
17   9.091967e-09   17         356    3.490196   18.749347  0.083931   
18   9.626789e-09   18         356    3.296296   14.722069  0.065903   
19   1.016161e-08   19         356    3.122807    5.118280  0.022912   
20   1.069643e-08   20         356    2.966667    4.509756  0.020188   
21   1.123125e-08   21         356    2.825397    4.333467  0.019399   
22   1.176608e-08   22         356    2.696970    6.160453  0.027577   
23   1.230090e-08   23         356    2.579710    7.144872  0.031984   
24   1.283572e-08   24         356    2.472222    5.084505  0.022761   
25   1.337054e-08   25         356    2.373333    3.642506  0.016306   
26   1.390536e-08   26         356    2.282051    2.332177  0.010440   
27   1.444018e-08   27         356    2.197531    0.456287  0.002043   
28   1.497500e-08   28         356    2.119048    3.402306  0.015230   
29   1.550983e-08   29         356    2.045977    4.845542  0.021691   
..            ...  ...         ...         ...         ...       ...   
326  1.743518e-07  326         356    0.182004    0.263678  0.001180   
327  1.748867e-07  327         356    0.181448    0.872309  0.003905   
328  1.754215e-07  328         356    0.180894    1.669567  0.007474   
329  1.759563e-07  329         356    0.180344    2.394606  0.010719   
330  1.764911e-07  330         356    0.179798    2.987947  0.013376   
331  1.770259e-07  331         356    0.179255    2.494184  0.011165   
332  1.775608e-07  332         356    0.178715    1.184433  0.005302   
333  1.780956e-07  333         356    0.178178    0.467874  0.002094   
334  1.786304e-07  334         356    0.177645    1.398956  0.006262   
335  1.791652e-07  335         356    0.177114    2.051061  0.009182   
336  1.797001e-07  336         356    0.176587    1.682320  0.007531   
337  1.802349e-07  337         356    0.176063    1.271180  0.005690   
338  1.807697e-07  338         356    0.175542    1.005802  0.004502   
339  1.813045e-07  339         356    0.175025    0.403902  0.001808   
340  1.818393e-07  340         356    0.174510    0.110299  0.000494   
341  1.823742e-07  341         356    0.173998    0.787678  0.003526   
342  1.829090e-07  342         356    0.173489    1.342302  0.006009   
343  1.834438e-07  343         356    0.172983    2.003004  0.008966   
344  1.839786e-07  344         356    0.172481    1.851394  0.008288   
345  1.845134e-07  345         356    0.171981    0.841029  0.003765   
346  1.850483e-07  346         356    0.171484    1.277160  0.005717   
347  1.855831e-07  347         356    0.170989    1.510170  0.006760   
348  1.861179e-07  348         356    0.170498    1.807460  0.008091   
349  1.866527e-07  349         356    0.170010    2.302219  0.010306   
350  1.871876e-07  350         356    0.169524    1.926748  0.008625   
351  1.877224e-07  351         356    0.169041    1.250703  0.005599   
352  1.882572e-07  352         356    0.168561    1.305697  0.005845   
353  1.887920e-07  353         356    0.168083    0.484069  0.002167   
354  1.893268e-07  354         356    0.167608    0.583466  0.002612   
355  1.898617e-07  355         356    0.167136    0.765361  0.003426   

          amp  amp_norm       pha  pha_norm  
bin                                          
0    0.288704  0.460087  0.000000  0.000000  
1    0.277086  0.441573 -3.016023 -0.969841  
2    0.272235  0.433841  0.146193  0.047010  
3    0.262396  0.418162 -3.049451 -0.980590  
4    0.200802  0.320003 -0.075958 -0.024425  
5    0.144865  0.230862  2.571110  0.826773  
6    0.132106  0.210529 -1.116861 -0.359141  
7    0.122251  0.194823  1.702221  0.547371  
8    0.102132  0.162761 -1.630237 -0.524224  
9    0.078118  0.124491  1.214374  0.390498  
10   0.062429  0.099489 -2.270606 -0.730142  
11   0.049459  0.078820  0.624534  0.200827  
12   0.038557  0.061446 -2.677882 -0.861107  
13   0.023791  0.037915  0.607444  0.195331  
14   0.018720  0.029832 -1.245295 -0.400441  
15   0.037062  0.059062  2.410709  0.775194  
16   0.046767  0.074529 -0.815594 -0.262265  
17   0.052667  0.083931  2.101381  0.675726  
18   0.041354  0.065903 -1.207303 -0.388224  
19   0.014377  0.022912  1.372453  0.441330  
20   0.012668  0.020188 -3.000515 -0.964854  
21   0.012173  0.019399  0.504484  0.162223  
22   0.017305  0.027577 -2.133776 -0.686143  
23   0.020070  0.031984  0.987396  0.317510  
24   0.014282  0.022761 -2.382074 -0.765986  
25   0.010232  0.016306  0.425476  0.136817  
26   0.006551  0.010440 -2.990671 -0.961688  
27   0.001282  0.002043  1.266766  0.407345  
28   0.009557  0.015230 -1.320410 -0.424595  
29   0.013611  0.021691  1.581967  0.508702  
..        ...       ...       ...       ...  
326  0.000741  0.001180  2.858154  0.919076  
327  0.002450  0.003905  0.293650  0.094427  
328  0.004690  0.007474 -2.776538 -0.892831  
329  0.006726  0.010719  0.174726  0.056185  
330  0.008393  0.013376 -3.098172 -0.996257  
331  0.007006  0.011165  0.024310  0.007817  
332  0.003327  0.005302 -2.835998 -0.911951  
333  0.001314  0.002094  2.007230  0.645450  
334  0.003930  0.006262 -0.462933 -0.148862  
335  0.005761  0.009182  2.535740  0.815400  
336  0.004726  0.007531 -0.681782 -0.219236  
337  0.003571  0.005690  2.413659  0.776143  
338  0.002825  0.004502 -0.541855 -0.174241  
339  0.001135  0.001808 -2.884231 -0.927461  
340  0.000310  0.000494 -2.084764 -0.670383  
341  0.002213  0.003526  1.071893  0.344681  
342  0.003771  0.006009 -2.024528 -0.651013  
343  0.005626  0.008966  1.351833  0.434699  
344  0.005201  0.008288 -1.671488 -0.537488  
345  0.002362  0.003765  2.207338  0.709798  
346  0.003588  0.005717 -0.174631 -0.056155  
347  0.004242  0.006760  2.751302  0.884716  
348  0.005077  0.008091 -0.301601 -0.096984  
349  0.006467  0.010306  2.932110  0.942857  
350  0.005412  0.008625 -0.237463 -0.076359  
351  0.003513  0.005599 -2.856705 -0.918610  
352  0.003668  0.005845  0.758769  0.243992  
353  0.001360  0.002167 -1.914239 -0.615548  
354  0.001639  0.002612 -3.096526 -0.995727  
355  0.002150  0.003426  0.132293  0.042540  

[356 rows x 10 columns]
