                freq     bin  bins_total     period_yr       mag  mag_norm  \
bin                                                                          
0       0.000000e+00       0      106650  35550.000000  1.575008  0.022476   
1       1.785213e-12       1      106650  17775.000000  1.574922  0.022474   
2       3.570427e-12       2      106650   8887.500000  1.574663  0.022471   
3       5.355640e-12       3      106650   5925.000000  1.574233  0.022465   
4       7.140854e-12       4      106650   4443.750000  1.573630  0.022456   
5       8.926067e-12       5      106650   3555.000000  1.572855  0.022445   
6       1.071128e-11       6      106650   2962.500000  1.571909  0.022431   
7       1.249649e-11       7      106650   2539.285714  1.570790  0.022415   
8       1.428171e-11       8      106650   2221.875000  1.569500  0.022397   
9       1.606692e-11       9      106650   1975.000000  1.568038  0.022376   
10      1.785213e-11      10      106650   1777.500000  1.566404  0.022353   
11      1.963735e-11      11      106650   1615.909091  1.564600  0.022327   
12      2.142256e-11      12      106650   1481.250000  1.562624  0.022299   
13      2.320777e-11      13      106650   1367.307692  1.560477  0.022268   
14      2.499299e-11      14      106650   1269.642857  1.558160  0.022235   
15      2.677820e-11      15      106650   1185.000000  1.555673  0.022200   
16      2.856341e-11      16      106650   1110.937500  1.553016  0.022162   
17      3.034863e-11      17      106650   1045.588235  1.550189  0.022122   
18      3.213384e-11      18      106650    987.500000  1.547192  0.022079   
19      3.391905e-11      19      106650    935.526316  1.544027  0.022034   
20      3.570427e-11      20      106650    888.750000  1.540693  0.021986   
21      3.748948e-11      21      106650    846.428571  1.537190  0.021936   
22      3.927469e-11      22      106650    807.954545  1.533520  0.021884   
23      4.105991e-11      23      106650    772.826087  1.529682  0.021829   
24      4.284512e-11      24      106650    740.625000  1.525678  0.021772   
25      4.463034e-11      25      106650    711.000000  1.521506  0.021712   
26      4.641555e-11      26      106650    683.653846  1.517169  0.021650   
27      4.820076e-11      27      106650    658.333333  1.512666  0.021586   
28      4.998598e-11      28      106650    634.821429  1.507998  0.021519   
29      5.177119e-11      29      106650    612.931034  1.503166  0.021450   
...              ...     ...         ...           ...       ...       ...   
106620  1.903395e-07  106620      106650      0.166714  0.007426  0.000106   
106621  1.903412e-07  106621      106650      0.166712  0.007382  0.000105   
106622  1.903430e-07  106622      106650      0.166710  0.007339  0.000105   
106623  1.903448e-07  106623      106650      0.166709  0.007297  0.000104   
106624  1.903466e-07  106624      106650      0.166707  0.007256  0.000104   
106625  1.903484e-07  106625      106650      0.166706  0.007216  0.000103   
106626  1.903502e-07  106626      106650      0.166704  0.007178  0.000102   
106627  1.903519e-07  106627      106650      0.166703  0.007140  0.000102   
106628  1.903537e-07  106628      106650      0.166701  0.007104  0.000101   
106629  1.903555e-07  106629      106650      0.166699  0.007070  0.000101   
106630  1.903573e-07  106630      106650      0.166698  0.007036  0.000100   
106631  1.903591e-07  106631      106650      0.166696  0.007005  0.000100   
106632  1.903609e-07  106632      106650      0.166695  0.006974  0.000100   
106633  1.903627e-07  106633      106650      0.166693  0.006945  0.000099   
106634  1.903644e-07  106634      106650      0.166692  0.006917  0.000099   
106635  1.903662e-07  106635      106650      0.166690  0.006891  0.000098   
106636  1.903680e-07  106636      106650      0.166689  0.006867  0.000098   
106637  1.903698e-07  106637      106650      0.166687  0.006844  0.000098   
106638  1.903716e-07  106638      106650      0.166685  0.006822  0.000097   
106639  1.903734e-07  106639      106650      0.166684  0.006803  0.000097   
106640  1.903752e-07  106640      106650      0.166682  0.006784  0.000097   
106641  1.903769e-07  106641      106650      0.166681  0.006768  0.000097   
106642  1.903787e-07  106642      106650      0.166679  0.006753  0.000096   
106643  1.903805e-07  106643      106650      0.166678  0.006740  0.000096   
106644  1.903823e-07  106644      106650      0.166676  0.006729  0.000096   
106645  1.903841e-07  106645      106650      0.166674  0.006719  0.000096   
106646  1.903859e-07  106646      106650      0.166673  0.006711  0.000096   
106647  1.903877e-07  106647      106650      0.166671  0.006705  0.000096   
106648  1.903894e-07  106648      106650      0.166670  0.006701  0.000096   
106649  1.903912e-07  106649      106650      0.166668  0.006698  0.000096   

                 amp  amp_norm       pha  pha_norm  
bin                                                 
0       1.476801e-05  0.022476  3.141593  1.000000  
1       1.476720e-05  0.022474  3.129841  0.996259  
2       1.476478e-05  0.022471  3.118090  0.992519  
3       1.476074e-05  0.022465  3.106338  0.988778  
4       1.475509e-05  0.022456  3.094585  0.985037  
5       1.474782e-05  0.022445  3.082831  0.981295  
6       1.473895e-05  0.022431  3.071075  0.977554  
7       1.472846e-05  0.022415  3.059318  0.973811  
8       1.471636e-05  0.022397  3.047559  0.970068  
9       1.470265e-05  0.022376  3.035798  0.966324  
10      1.468734e-05  0.022353  3.024034  0.962580  
11      1.467041e-05  0.022327  3.012267  0.958835  
12      1.465189e-05  0.022299  3.000498  0.955088  
13      1.463176e-05  0.022268  2.988725  0.951341  
14      1.461004e-05  0.022235  2.976948  0.947592  
15      1.458671e-05  0.022200  2.965167  0.943842  
16      1.456180e-05  0.022162  2.953382  0.940091  
17      1.453529e-05  0.022122  2.941593  0.936338  
18      1.450719e-05  0.022079  2.929798  0.932584  
19      1.447751e-05  0.022034  2.917999  0.928828  
20      1.444625e-05  0.021986  2.906194  0.925070  
21      1.441341e-05  0.021936  2.894383  0.921311  
22      1.437900e-05  0.021884  2.882565  0.917549  
23      1.434301e-05  0.021829  2.870742  0.913785  
24      1.430546e-05  0.021772  2.858911  0.910020  
25      1.426635e-05  0.021712  2.847073  0.906252  
26      1.422568e-05  0.021650  2.835228  0.902481  
27      1.418346e-05  0.021586  2.823375  0.898708  
28      1.413969e-05  0.021519  2.811513  0.894933  
29      1.409438e-05  0.021450  2.799643  0.891154  
...              ...       ...       ...       ...  
106620  6.963089e-08  0.000106 -2.287240 -0.728051  
106621  6.921672e-08  0.000105 -2.313526 -0.736418  
106622  6.881247e-08  0.000105 -2.339999 -0.744845  
106623  6.841849e-08  0.000104 -2.366659 -0.753331  
106624  6.803514e-08  0.000104 -2.393505 -0.761876  
106625  6.766275e-08  0.000103 -2.420532 -0.770479  
106626  6.730168e-08  0.000102 -2.447741 -0.779140  
106627  6.695227e-08  0.000102 -2.475126 -0.787857  
106628  6.661487e-08  0.000101 -2.502686 -0.796630  
106629  6.628979e-08  0.000101 -2.530417 -0.805457  
106630  6.597737e-08  0.000100 -2.558315 -0.814337  
106631  6.567792e-08  0.000100 -2.586374 -0.823269  
106632  6.539176e-08  0.000100 -2.614592 -0.832250  
106633  6.511919e-08  0.000099 -2.642961 -0.841281  
106634  6.486050e-08  0.000099 -2.671477 -0.850358  
106635  6.461596e-08  0.000098 -2.700133 -0.859479  
106636  6.438585e-08  0.000098 -2.728924 -0.868643  
106637  6.417043e-08  0.000098 -2.757841 -0.877848  
106638  6.396993e-08  0.000097 -2.786879 -0.887091  
106639  6.378459e-08  0.000097 -2.816028 -0.896370  
106640  6.361462e-08  0.000097 -2.845282 -0.905682  
106641  6.346022e-08  0.000097 -2.874632 -0.915024  
106642  6.332158e-08  0.000096 -2.904070 -0.924394  
106643  6.319884e-08  0.000096 -2.933585 -0.933789  
106644  6.309217e-08  0.000096 -2.963170 -0.943206  
106645  6.300169e-08  0.000096 -2.992815 -0.952643  
106646  6.292751e-08  0.000096 -3.022510 -0.962095  
106647  6.286972e-08  0.000096 -3.052245 -0.971560  
106648  6.282839e-08  0.000096 -3.082011 -0.981034  
106649  6.280357e-08  0.000096 -3.111797 -0.990516  

[106650 rows x 10 columns]
