             freq  bin  bins_total   period_yr           mag      mag_norm  \
bin                                                                          
0    0.000000e+00    0         356  118.666667  7.425797e-09  9.175586e-12   
1    5.348216e-10    1         356   59.333333  7.049164e+01  8.710204e-02   
2    1.069643e-09    2         356   29.666667  2.540628e+02  3.139293e-01   
3    1.604465e-09    3         356   19.777778  6.091349e+01  7.526693e-02   
4    2.139286e-09    4         356   14.833333  1.298168e+02  1.604063e-01   
5    2.674108e-09    5         356   11.866667  3.025403e+01  3.738298e-02   
6    3.208930e-09    6         356    9.888889  7.840044e+01  9.687445e-02   
7    3.743751e-09    7         356    8.476190  8.896190e+01  1.099246e-01   
8    4.278573e-09    8         356    7.416667  4.434702e+01  5.479679e-02   
9    4.813394e-09    9         356    6.592593  2.533494e+01  3.130478e-02   
10   5.348216e-09   10         356    5.933333  2.690074e+01  3.323953e-02   
11   5.883038e-09   11         356    5.393939  5.545347e+01  6.852033e-02   
12   6.417859e-09   12         356    4.944444  2.842308e+01  3.512059e-02   
13   6.952681e-09   13         356    4.564103  2.806055e+01  3.467265e-02   
14   7.487502e-09   14         356    4.238095  4.597473e+01  5.680806e-02   
15   8.022324e-09   15         356    3.955556  1.543209e+01  1.906845e-02   
16   8.557145e-09   16         356    3.708333  7.329083e+01  9.056083e-02   
17   9.091967e-09   17         356    3.490196  4.714595e+01  5.825525e-02   
18   9.626789e-09   18         356    3.296296  2.092526e+01  2.585601e-02   
19   1.016161e-08   19         356    3.122807  3.837441e+01  4.741682e-02   
20   1.069643e-08   20         356    2.966667  2.675639e+01  3.306118e-02   
21   1.123125e-08   21         356    2.825397  8.623093e+00  1.065501e-02   
22   1.176608e-08   22         356    2.696970  7.291724e+00  9.009920e-03   
23   1.230090e-08   23         356    2.579710  3.067600e+01  3.790439e-02   
24   1.283572e-08   24         356    2.472222  2.248772e+01  2.778665e-02   
25   1.337054e-08   25         356    2.373333  1.602587e+01  1.980216e-02   
26   1.390536e-08   26         356    2.282051  4.041315e+01  4.993597e-02   
27   1.444018e-08   27         356    2.197531  2.043548e+01  2.525083e-02   
28   1.497500e-08   28         356    2.119048  1.967875e+01  2.431578e-02   
29   1.550983e-08   29         356    2.045977  1.509522e+01  1.865220e-02   
..            ...  ...         ...         ...           ...           ...   
326  1.743518e-07  326         356    0.182004  5.798959e+00  7.165406e-03   
327  1.748867e-07  327         356    0.181448  1.399121e+00  1.728805e-03   
328  1.754215e-07  328         356    0.180894  1.949865e+00  2.409325e-03   
329  1.759563e-07  329         356    0.180344  6.527563e+00  8.065695e-03   
330  1.764911e-07  330         356    0.179798  2.907403e+00  3.592494e-03   
331  1.770259e-07  331         356    0.179255  4.317288e+00  5.334598e-03   
332  1.775608e-07  332         356    0.178715  3.052460e+00  3.771731e-03   
333  1.780956e-07  333         356    0.178178  3.210379e+00  3.966862e-03   
334  1.786304e-07  334         356    0.177645  6.701218e+00  8.280269e-03   
335  1.791652e-07  335         356    0.177114  6.345728e+00  7.841014e-03   
336  1.797001e-07  336         356    0.176587  5.076590e+00  6.272820e-03   
337  1.802349e-07  337         356    0.176063  4.233847e+00  5.231496e-03   
338  1.807697e-07  338         356    0.175542  5.091526e+00  6.291275e-03   
339  1.813045e-07  339         356    0.175025  5.412740e+00  6.688179e-03   
340  1.818393e-07  340         356    0.174510  3.468962e+00  4.286376e-03   
341  1.823742e-07  341         356    0.173998  2.354195e+00  2.908930e-03   
342  1.829090e-07  342         356    0.173489  6.461994e+00  7.984676e-03   
343  1.834438e-07  343         356    0.172983  3.644982e+00  4.503872e-03   
344  1.839786e-07  344         356    0.172481  1.904187e+00  2.352882e-03   
345  1.845134e-07  345         356    0.171981  5.671109e+00  7.007429e-03   
346  1.850483e-07  346         356    0.171484  5.147710e+00  6.360698e-03   
347  1.855831e-07  347         356    0.170989  7.358731e+00  9.092717e-03   
348  1.861179e-07  348         356    0.170498  1.958610e+00  2.420130e-03   
349  1.866527e-07  349         356    0.170010  9.308650e+00  1.150211e-02   
350  1.871876e-07  350         356    0.169524  3.362560e+00  4.154902e-03   
351  1.877224e-07  351         356    0.169041  9.247600e+00  1.142667e-02   
352  1.882572e-07  352         356    0.168561  7.199347e+00  8.895775e-03   
353  1.887920e-07  353         356    0.168083  3.672395e+00  4.537746e-03   
354  1.893268e-07  354         356    0.167608  1.573808e+00  1.944654e-03   
355  1.898617e-07  355         356    0.167136  3.941808e+00  4.870642e-03   

              amp      amp_norm       pha  pha_norm  
bin                                                  
0    2.085898e-11  9.175586e-12  3.141593  1.000000  
1    1.980102e-01  8.710204e-02 -3.031151 -0.964845  
2    7.136596e-01  3.139293e-01  0.173248  0.055146  
3    1.711053e-01  7.526693e-02 -2.236226 -0.711813  
4    3.646539e-01  1.604063e-01 -0.352181 -0.112103  
5    8.498323e-02  3.738298e-02 -0.060531 -0.019267  
6    2.202260e-01  9.687445e-02 -0.974126 -0.310074  
7    2.498930e-01  1.099246e-01  1.567174  0.498847  
8    1.245703e-01  5.479679e-02 -1.694054 -0.539234  
9    7.116556e-02  3.130478e-02  0.286800  0.091291  
10   7.556387e-02  3.323953e-02  1.429773  0.455111  
11   1.557682e-01  6.852033e-02  0.657095  0.209160  
12   7.984010e-02  3.512059e-02 -1.397270 -0.444765  
13   7.882178e-02  3.467265e-02  0.357819  0.113897  
14   1.291425e-01  5.680806e-02  1.221763  0.388899  
15   4.334856e-02  1.906845e-02  0.084613  0.026933  
16   2.058731e-01  9.056083e-02 -0.647366 -0.206063  
17   1.324324e-01  5.825525e-02  1.818574  0.578870  
18   5.877881e-02  2.585601e-02  1.718192  0.546918  
19   1.077933e-01  4.741682e-02  0.901401  0.286925  
20   7.515841e-02  3.306118e-02  1.247198  0.396995  
21   2.422217e-02  1.065501e-02  0.126332  0.040213  
22   2.048237e-02  9.009920e-03  1.268674  0.403831  
23   8.616854e-02  3.790439e-02  1.473683  0.469088  
24   6.316775e-02  2.778665e-02 -1.877524 -0.597635  
25   4.501650e-02  1.980216e-02 -0.586442 -0.186670  
26   1.135201e-01  4.993597e-02  1.286712  0.409573  
27   5.740304e-02  2.525083e-02  0.981346  0.312372  
28   5.527738e-02  2.431578e-02 -0.921943 -0.293463  
29   4.240230e-02  1.865220e-02  1.201364  0.382406  
..            ...           ...       ...       ...  
326  1.628921e-02  7.165406e-03 -1.532126 -0.487691  
327  3.930114e-03  1.728805e-03 -2.838084 -0.903390  
328  5.477150e-03  2.409325e-03 -1.156026 -0.367974  
329  1.833585e-02  8.065695e-03 -0.067933 -0.021624  
330  8.166863e-03  3.592494e-03  3.024753  0.962809  
331  1.212721e-02  5.334598e-03  0.153147  0.048748  
332  8.574326e-03  3.771731e-03  3.012340  0.958857  
333  9.017919e-03  3.966862e-03 -2.695316 -0.857946  
334  1.882365e-02  8.280269e-03 -1.166907 -0.371438  
335  1.782508e-02  7.841014e-03 -2.026217 -0.644965  
336  1.426009e-02  6.272820e-03 -1.599070 -0.509000  
337  1.189283e-02  5.231496e-03  2.594391  0.825820  
338  1.430204e-02  6.291275e-03  2.924616  0.930934  
339  1.520433e-02  6.688179e-03  2.822759  0.898512  
340  9.744276e-03  4.286376e-03  1.459922  0.464708  
341  6.612908e-03  2.908930e-03 -1.040570 -0.331224  
342  1.815167e-02  7.984676e-03 -1.948083 -0.620094  
343  1.023871e-02  4.503872e-03  0.931760  0.296588  
344  5.348839e-03  2.352882e-03  0.190693  0.060699  
345  1.593008e-02  7.007429e-03  2.201848  0.700870  
346  1.445986e-02  6.360698e-03  2.895978  0.921819  
347  2.067059e-02  9.092717e-03 -2.382197 -0.758277  
348  5.501714e-03  2.420130e-03 -0.525998 -0.167430  
349  2.614789e-02  1.150211e-02  1.916116  0.609919  
350  9.445393e-03  4.154902e-03  2.048538  0.652070  
351  2.597640e-02  1.142667e-02 -3.031501 -0.964957  
352  2.022288e-02  8.895775e-03  2.794854  0.889630  
353  1.031572e-02  4.537746e-03 -2.485236 -0.791075  
354  4.420808e-03  1.944654e-03 -1.324437 -0.421581  
355  1.107250e-02  4.870642e-03  1.045417  0.332767  

[356 rows x 10 columns]
