             freq  bin  bins_total   period_yr         mag  mag_norm  \
bin                                                                    
0    0.000000e+00    0         356  118.666667   35.200754  0.075242   
1    5.348216e-10    1         356   59.333333   98.704544  0.210982   
2    1.069643e-09    2         356   29.666667  156.143172  0.333757   
3    1.604465e-09    3         356   19.777778  114.278875  0.244272   
4    2.139286e-09    4         356   14.833333   63.478607  0.135686   
5    2.674108e-09    5         356   11.866667   37.353565  0.079844   
6    3.208930e-09    6         356    9.888889   56.085637  0.119883   
7    3.743751e-09    7         356    8.476190   72.224727  0.154381   
8    4.278573e-09    8         356    7.416667   46.831273  0.100102   
9    4.813394e-09    9         356    6.592593   14.818222  0.031674   
10   5.348216e-09   10         356    5.933333   15.492702  0.033116   
11   5.883038e-09   11         356    5.393939   26.291164  0.056198   
12   6.417859e-09   12         356    4.944444   29.115053  0.062234   
13   6.952681e-09   13         356    4.564103    7.988397  0.017075   
14   7.487502e-09   14         356    4.238095   18.938661  0.040482   
15   8.022324e-09   15         356    3.955556   10.816352  0.023120   
16   8.557145e-09   16         356    3.708333   44.049493  0.094156   
17   9.091967e-09   17         356    3.490196   34.758306  0.074296   
18   9.626789e-09   18         356    3.296296    9.723889  0.020785   
19   1.016161e-08   19         356    3.122807   11.108663  0.023745   
20   1.069643e-08   20         356    2.966667    6.176400  0.013202   
21   1.123125e-08   21         356    2.825397    7.710100  0.016480   
22   1.176608e-08   22         356    2.696970    4.793769  0.010247   
23   1.230090e-08   23         356    2.579710   19.053574  0.040727   
24   1.283572e-08   24         356    2.472222   17.724431  0.037886   
25   1.337054e-08   25         356    2.373333   10.309493  0.022037   
26   1.390536e-08   26         356    2.282051   17.342015  0.037069   
27   1.444018e-08   27         356    2.197531    2.702658  0.005777   
28   1.497500e-08   28         356    2.119048   15.694945  0.033548   
29   1.550983e-08   29         356    2.045977   10.748464  0.022975   
..            ...  ...         ...         ...         ...       ...   
326  1.743518e-07  326         356    0.182004    0.487861  0.001043   
327  1.748867e-07  327         356    0.181448    1.920976  0.004106   
328  1.754215e-07  328         356    0.180894    1.124680  0.002404   
329  1.759563e-07  329         356    0.180344    3.777472  0.008074   
330  1.764911e-07  330         356    0.179798    4.142442  0.008855   
331  1.770259e-07  331         356    0.179255    3.613304  0.007723   
332  1.775608e-07  332         356    0.178715    1.888555  0.004037   
333  1.780956e-07  333         356    0.178178    1.538979  0.003290   
334  1.786304e-07  334         356    0.177645    3.036009  0.006489   
335  1.791652e-07  335         356    0.177114    2.020560  0.004319   
336  1.797001e-07  336         356    0.176587    2.252281  0.004814   
337  1.802349e-07  337         356    0.176063    2.155635  0.004608   
338  1.807697e-07  338         356    0.175542    0.521064  0.001114   
339  1.813045e-07  339         356    0.175025    1.450512  0.003100   
340  1.818393e-07  340         356    0.174510    2.162178  0.004622   
341  1.823742e-07  341         356    0.173998    1.164778  0.002490   
342  1.829090e-07  342         356    0.173489    3.811129  0.008146   
343  1.834438e-07  343         356    0.172983    3.120708  0.006671   
344  1.839786e-07  344         356    0.172481    2.097530  0.004483   
345  1.845134e-07  345         356    0.171981    2.075849  0.004437   
346  1.850483e-07  346         356    0.171484    0.807421  0.001726   
347  1.855831e-07  347         356    0.170989    3.173411  0.006783   
348  1.861179e-07  348         356    0.170498    3.270780  0.006991   
349  1.866527e-07  349         356    0.170010    4.193144  0.008963   
350  1.871876e-07  350         356    0.169524    2.367931  0.005061   
351  1.877224e-07  351         356    0.169041    3.130614  0.006692   
352  1.882572e-07  352         356    0.168561    2.074733  0.004435   
353  1.887920e-07  353         356    0.168083    1.348346  0.002882   
354  1.893268e-07  354         356    0.167608    1.127869  0.002411   
355  1.898617e-07  355         356    0.167136    2.438583  0.005212   

          amp  amp_norm       pha  pha_norm  
bin                                          
0    0.098879  0.075242  0.000000  0.000000  
1    0.277260  0.210982 -2.993405 -0.954537  
2    0.438604  0.333757  0.231492  0.073818  
3    0.321008  0.244272 -2.931577 -0.934822  
4    0.178311  0.135686 -0.155569 -0.049608  
5    0.104926  0.079844  2.355187  0.751022  
6    0.157544  0.119883 -1.312944 -0.418672  
7    0.202878  0.154381  1.702484  0.542888  
8    0.131549  0.100102 -1.758960 -0.560897  
9    0.041624  0.031674  0.566865  0.180762  
10   0.043519  0.033116  2.943865  0.938740  
11   0.073852  0.056198  0.716194  0.228380  
12   0.081784  0.062234 -2.114686 -0.674332  
13   0.022439  0.017075  0.141302  0.045058  
14   0.053198  0.040482  1.705251  0.543771  
15   0.030383  0.023120  3.052222  0.973293  
16   0.123735  0.094156 -0.876041 -0.279352  
17   0.097636  0.074296  2.172815  0.692867  
18   0.027314  0.020785 -2.058636 -0.656458  
19   0.031204  0.023745  0.322859  0.102953  
20   0.017349  0.013202  2.235620  0.712895  
21   0.021658  0.016480 -1.357502 -0.432880  
22   0.013466  0.010247 -1.961205 -0.625389  
23   0.053521  0.040727  1.429390  0.455804  
24   0.049788  0.037886 -2.002699 -0.638621  
25   0.028959  0.022037 -1.011144 -0.322434  
26   0.048714  0.037069  1.602348  0.510957  
27   0.007592  0.005777  1.595284  0.508704  
28   0.044087  0.033548 -1.459225 -0.465318  
29   0.030192  0.022975  1.888024  0.602054  
..        ...       ...       ...       ...  
326  0.001370  0.001043 -1.864170 -0.594447  
327  0.005396  0.004106  2.071710  0.660627  
328  0.003159  0.002404 -2.503970 -0.798466  
329  0.010611  0.008074  0.035715  0.011389  
330  0.011636  0.008855  3.114756  0.993234  
331  0.010150  0.007723  0.039732  0.012670  
332  0.005305  0.004037  2.945501  0.939262  
333  0.004323  0.003290  2.628223  0.838088  
334  0.008528  0.006489 -0.444374 -0.141702  
335  0.005676  0.004319 -3.123204 -0.995928  
336  0.006327  0.004814 -0.829448 -0.264494  
337  0.006055  0.004608  1.821254  0.580762  
338  0.001464  0.001114 -2.165677 -0.690591  
339  0.004074  0.003100 -2.943896 -0.938750  
340  0.006074  0.004622  0.992736  0.316564  
341  0.003272  0.002490 -0.328309 -0.104691  
342  0.010705  0.008146 -2.134729 -0.680723  
343  0.008766  0.006671  1.174626  0.374565  
344  0.005892  0.004483 -0.948836 -0.302565  
345  0.005831  0.004437  2.014853  0.642497  
346  0.002268  0.001726  1.965392  0.626724  
347  0.008914  0.006783 -2.189012 -0.698033  
348  0.009188  0.006991 -0.446084 -0.142247  
349  0.011778  0.008963  1.967347  0.627348  
350  0.006651  0.005061 -0.192502 -0.061385  
351  0.008794  0.006692 -2.501057 -0.797537  
352  0.005828  0.004435  1.741774  0.555417  
353  0.003787  0.002882 -1.461560 -0.466063  
354  0.003168  0.002411 -1.193789 -0.380675  
355  0.006850  0.005212  1.022827  0.326159  

[356 rows x 10 columns]
