                freq     bin  bins_total     period_yr       mag  mag_norm  \
bin                                                                          
0       0.000000e+00       0      121350  40450.000000  0.349972  0.003403   
1       1.568813e-12       1      121350  20225.000000  0.350320  0.003406   
2       3.137626e-12       2      121350  10112.500000  0.351360  0.003416   
3       4.706439e-12       3      121350   6741.666667  0.353087  0.003433   
4       6.275252e-12       4      121350   5056.250000  0.355490  0.003456   
5       7.844065e-12       5      121350   4045.000000  0.358553  0.003486   
6       9.412877e-12       6      121350   3370.833333  0.362260  0.003522   
7       1.098169e-11       7      121350   2889.285714  0.366588  0.003564   
8       1.255050e-11       8      121350   2528.125000  0.371515  0.003612   
9       1.411932e-11       9      121350   2247.222222  0.377014  0.003666   
10      1.568813e-11      10      121350   2022.500000  0.383059  0.003724   
11      1.725694e-11      11      121350   1838.636364  0.389622  0.003788   
12      1.882575e-11      12      121350   1685.416667  0.396675  0.003857   
13      2.039457e-11      13      121350   1555.769231  0.404187  0.003930   
14      2.196338e-11      14      121350   1444.642857  0.412133  0.004007   
15      2.353219e-11      15      121350   1348.333333  0.420482  0.004088   
16      2.510101e-11      16      121350   1264.062500  0.429210  0.004173   
17      2.666982e-11      17      121350   1189.705882  0.438288  0.004261   
18      2.823863e-11      18      121350   1123.611111  0.447692  0.004353   
19      2.980745e-11      19      121350   1064.473684  0.457398  0.004447   
20      3.137626e-11      20      121350   1011.250000  0.467383  0.004544   
21      3.294507e-11      21      121350    963.095238  0.477626  0.004644   
22      3.451388e-11      22      121350    919.318182  0.488105  0.004746   
23      3.608270e-11      23      121350    879.347826  0.498802  0.004850   
24      3.765151e-11      24      121350    842.708333  0.509698  0.004956   
25      3.922032e-11      25      121350    809.000000  0.520776  0.005063   
26      4.078914e-11      26      121350    777.884615  0.532020  0.005173   
27      4.235795e-11      27      121350    749.074074  0.543416  0.005283   
28      4.392676e-11      28      121350    722.321429  0.554948  0.005396   
29      4.549557e-11      29      121350    697.413793  0.566605  0.005509   
...              ...     ...         ...           ...       ...       ...   
121320  1.903284e-07  121320      121350      0.166708  0.012353  0.000120   
121321  1.903300e-07  121321      121350      0.166707  0.012373  0.000120   
121322  1.903315e-07  121322      121350      0.166705  0.012393  0.000120   
121323  1.903331e-07  121323      121350      0.166704  0.012412  0.000121   
121324  1.903347e-07  121324      121350      0.166702  0.012431  0.000121   
121325  1.903362e-07  121325      121350      0.166701  0.012449  0.000121   
121326  1.903378e-07  121326      121350      0.166700  0.012466  0.000121   
121327  1.903394e-07  121327      121350      0.166698  0.012483  0.000121   
121328  1.903409e-07  121328      121350      0.166697  0.012499  0.000122   
121329  1.903425e-07  121329      121350      0.166696  0.012514  0.000122   
121330  1.903441e-07  121330      121350      0.166694  0.012529  0.000122   
121331  1.903456e-07  121331      121350      0.166693  0.012543  0.000122   
121332  1.903472e-07  121332      121350      0.166691  0.012556  0.000122   
121333  1.903488e-07  121333      121350      0.166690  0.012568  0.000122   
121334  1.903503e-07  121334      121350      0.166689  0.012580  0.000122   
121335  1.903519e-07  121335      121350      0.166687  0.012591  0.000122   
121336  1.903535e-07  121336      121350      0.166686  0.012602  0.000123   
121337  1.903551e-07  121337      121350      0.166685  0.012611  0.000123   
121338  1.903566e-07  121338      121350      0.166683  0.012620  0.000123   
121339  1.903582e-07  121339      121350      0.166682  0.012629  0.000123   
121340  1.903598e-07  121340      121350      0.166680  0.012636  0.000123   
121341  1.903613e-07  121341      121350      0.166679  0.012643  0.000123   
121342  1.903629e-07  121342      121350      0.166678  0.012649  0.000123   
121343  1.903645e-07  121343      121350      0.166676  0.012655  0.000123   
121344  1.903660e-07  121344      121350      0.166675  0.012659  0.000123   
121345  1.903676e-07  121345      121350      0.166674  0.012663  0.000123   
121346  1.903692e-07  121346      121350      0.166672  0.012667  0.000123   
121347  1.903707e-07  121347      121350      0.166671  0.012669  0.000123   
121348  1.903723e-07  121348      121350      0.166669  0.012671  0.000123   
121349  1.903739e-07  121349      121350      0.166668  0.012672  0.000123   

                 amp  amp_norm       pha  pha_norm  
bin                                                 
0       2.883989e-06  0.003403  0.000000  0.000000  
1       2.886853e-06  0.003406  0.035379  0.011262  
2       2.895428e-06  0.003416  0.070577  0.022466  
3       2.909659e-06  0.003433  0.105418  0.033556  
4       2.929457e-06  0.003456  0.139734  0.044479  
5       2.954703e-06  0.003486  0.173367  0.055186  
6       2.985247e-06  0.003522  0.206178  0.065630  
7       3.020916e-06  0.003564  0.238041  0.075772  
8       3.061515e-06  0.003612  0.268852  0.085580  
9       3.106833e-06  0.003666  0.298523  0.095025  
10      3.156649e-06  0.003724  0.326987  0.104085  
11      3.210732e-06  0.003788  0.354194  0.112745  
12      3.268846e-06  0.003857  0.380110  0.120995  
13      3.330757e-06  0.003930  0.404718  0.128828  
14      3.396231e-06  0.004007  0.428013  0.136243  
15      3.465038e-06  0.004088  0.450003  0.143243  
16      3.536955e-06  0.004173  0.470705  0.149833  
17      3.611766e-06  0.004261  0.490145  0.156021  
18      3.689262e-06  0.004353  0.508353  0.161817  
19      3.769247e-06  0.004447  0.525367  0.167232  
20      3.851531e-06  0.004544  0.541226  0.172281  
21      3.935935e-06  0.004644  0.555975  0.176976  
22      4.022291e-06  0.004746  0.569657  0.181331  
23      4.110438e-06  0.004850  0.582317  0.185361  
24      4.200229e-06  0.004956  0.594002  0.189080  
25      4.291520e-06  0.005063  0.604755  0.192503  
26      4.384181e-06  0.005173  0.614622  0.195644  
27      4.478087e-06  0.005283  0.623646  0.198516  
28      4.573123e-06  0.005396  0.631869  0.201134  
29      4.669178e-06  0.005509  0.639330  0.203509  
...              ...       ...       ...       ...  
121320  1.017930e-07  0.000120  0.534423  0.170115  
121321  1.019625e-07  0.000120  0.516367  0.164368  
121322  1.021267e-07  0.000120  0.498337  0.158628  
121323  1.022855e-07  0.000121  0.480330  0.152897  
121324  1.024390e-07  0.000121  0.462346  0.147172  
121325  1.025870e-07  0.000121  0.444385  0.141455  
121326  1.027295e-07  0.000121  0.426445  0.135744  
121327  1.028665e-07  0.000121  0.408525  0.130040  
121328  1.029980e-07  0.000122  0.390624  0.124342  
121329  1.031239e-07  0.000122  0.372743  0.118650  
121330  1.032442e-07  0.000122  0.354878  0.112963  
121331  1.033588e-07  0.000122  0.337031  0.107282  
121332  1.034677e-07  0.000122  0.319200  0.101606  
121333  1.035709e-07  0.000122  0.301384  0.095935  
121334  1.036683e-07  0.000122  0.283582  0.090269  
121335  1.037600e-07  0.000122  0.265793  0.084606  
121336  1.038459e-07  0.000123  0.248017  0.078948  
121337  1.039259e-07  0.000123  0.230253  0.073293  
121338  1.040001e-07  0.000123  0.212500  0.067642  
121339  1.040685e-07  0.000123  0.194756  0.061994  
121340  1.041309e-07  0.000123  0.177022  0.056349  
121341  1.041875e-07  0.000123  0.159296  0.050707  
121342  1.042382e-07  0.000123  0.141578  0.045066  
121343  1.042829e-07  0.000123  0.123866  0.039429  
121344  1.043217e-07  0.000123  0.106160  0.033792  
121345  1.043545e-07  0.000123  0.088459  0.028158  
121346  1.043814e-07  0.000123  0.070762  0.022525  
121347  1.044023e-07  0.000123  0.053069  0.016893  
121348  1.044172e-07  0.000123  0.035378  0.011261  
121349  1.044262e-07  0.000123  0.017689  0.005631  

[121350 rows x 10 columns]
