                freq     bin  bins_total     period_yr       mag  mag_norm  \
bin                                                                          
0       0.000000e+00       0      106800  35600.000000  1.570489  0.022389   
1       1.782739e-12       1      106800  17800.000000  1.570403  0.022387   
2       3.565477e-12       2      106800   8900.000000  1.570146  0.022384   
3       5.348216e-12       3      106800   5933.333333  1.569718  0.022378   
4       7.130955e-12       4      106800   4450.000000  1.569118  0.022369   
5       8.913693e-12       5      106800   3560.000000  1.568347  0.022358   
6       1.069643e-11       6      106800   2966.666667  1.567405  0.022345   
7       1.247917e-11       7      106800   2542.857143  1.566292  0.022329   
8       1.426191e-11       8      106800   2225.000000  1.565008  0.022311   
9       1.604465e-11       9      106800   1977.777778  1.563553  0.022290   
10      1.782739e-11      10      106800   1780.000000  1.561928  0.022267   
11      1.961013e-11      11      106800   1618.181818  1.560132  0.022241   
12      2.139286e-11      12      106800   1483.333333  1.558166  0.022213   
13      2.317560e-11      13      106800   1369.230769  1.556031  0.022183   
14      2.495834e-11      14      106800   1271.428571  1.553725  0.022150   
15      2.674108e-11      15      106800   1186.666667  1.551250  0.022114   
16      2.852382e-11      16      106800   1112.500000  1.548606  0.022077   
17      3.030656e-11      17      106800   1047.058824  1.545793  0.022037   
18      3.208930e-11      18      106800    988.888889  1.542811  0.021994   
19      3.387203e-11      19      106800    936.842105  1.539661  0.021949   
20      3.565477e-11      20      106800    890.000000  1.536344  0.021902   
21      3.743751e-11      21      106800    847.619048  1.532858  0.021852   
22      3.922025e-11      22      106800    809.090909  1.529206  0.021800   
23      4.100299e-11      23      106800    773.913043  1.525387  0.021746   
24      4.278573e-11      24      106800    741.666667  1.521402  0.021689   
25      4.456847e-11      25      106800    712.000000  1.517252  0.021630   
26      4.635120e-11      26      106800    684.615385  1.512936  0.021568   
27      4.813394e-11      27      106800    659.259259  1.508455  0.021504   
28      4.991668e-11      28      106800    635.714286  1.503810  0.021438   
29      5.169942e-11      29      106800    613.793103  1.499001  0.021370   
...              ...     ...         ...           ...       ...       ...   
106770  1.903430e-07  106770      106800      0.166713  0.010834  0.000154   
106771  1.903448e-07  106771      106800      0.166712  0.010793  0.000154   
106772  1.903466e-07  106772      106800      0.166710  0.010753  0.000153   
106773  1.903484e-07  106773      106800      0.166709  0.010714  0.000153   
106774  1.903501e-07  106774      106800      0.166707  0.010676  0.000152   
106775  1.903519e-07  106775      106800      0.166706  0.010639  0.000152   
106776  1.903537e-07  106776      106800      0.166704  0.010604  0.000151   
106777  1.903555e-07  106777      106800      0.166703  0.010569  0.000151   
106778  1.903573e-07  106778      106800      0.166701  0.010536  0.000150   
106779  1.903590e-07  106779      106800      0.166699  0.010505  0.000150   
106780  1.903608e-07  106780      106800      0.166698  0.010474  0.000149   
106781  1.903626e-07  106781      106800      0.166696  0.010445  0.000149   
106782  1.903644e-07  106782      106800      0.166695  0.010417  0.000149   
106783  1.903662e-07  106783      106800      0.166693  0.010391  0.000148   
106784  1.903680e-07  106784      106800      0.166692  0.010366  0.000148   
106785  1.903697e-07  106785      106800      0.166690  0.010342  0.000147   
106786  1.903715e-07  106786      106800      0.166689  0.010320  0.000147   
106787  1.903733e-07  106787      106800      0.166687  0.010299  0.000147   
106788  1.903751e-07  106788      106800      0.166685  0.010280  0.000147   
106789  1.903769e-07  106789      106800      0.166684  0.010262  0.000146   
106790  1.903787e-07  106790      106800      0.166682  0.010245  0.000146   
106791  1.903804e-07  106791      106800      0.166681  0.010231  0.000146   
106792  1.903822e-07  106792      106800      0.166679  0.010217  0.000146   
106793  1.903840e-07  106793      106800      0.166678  0.010205  0.000145   
106794  1.903858e-07  106794      106800      0.166676  0.010195  0.000145   
106795  1.903876e-07  106795      106800      0.166674  0.010187  0.000145   
106796  1.903894e-07  106796      106800      0.166673  0.010180  0.000145   
106797  1.903911e-07  106797      106800      0.166671  0.010174  0.000145   
106798  1.903929e-07  106798      106800      0.166670  0.010170  0.000145   
106799  1.903947e-07  106799      106800      0.166668  0.010168  0.000145   

                 amp  amp_norm       pha  pha_norm  
bin                                                 
0       1.470495e-05  0.022389  3.141593  1.000000  
1       1.470415e-05  0.022387  3.129886  0.996274  
2       1.470174e-05  0.022384  3.118178  0.992547  
3       1.469773e-05  0.022378  3.106470  0.988820  
4       1.469212e-05  0.022369  3.094762  0.985093  
5       1.468490e-05  0.022358  3.083052  0.981366  
6       1.467608e-05  0.022345  3.071341  0.977638  
7       1.466566e-05  0.022329  3.059628  0.973910  
8       1.465363e-05  0.022311  3.047913  0.970181  
9       1.464001e-05  0.022290  3.036197  0.966451  
10      1.462479e-05  0.022267  3.024477  0.962721  
11      1.460798e-05  0.022241  3.012755  0.958990  
12      1.458957e-05  0.022213  3.001030  0.955258  
13      1.456957e-05  0.022183  2.989302  0.951524  
14      1.454799e-05  0.022150  2.977570  0.947790  
15      1.452481e-05  0.022114  2.965834  0.944054  
16      1.450005e-05  0.022077  2.954095  0.940317  
17      1.447371e-05  0.022037  2.942350  0.936579  
18      1.444580e-05  0.021994  2.930601  0.932839  
19      1.441630e-05  0.021949  2.918847  0.929098  
20      1.438524e-05  0.021902  2.907087  0.925355  
21      1.435261e-05  0.021852  2.895322  0.921610  
22      1.431841e-05  0.021800  2.883551  0.917863  
23      1.428265e-05  0.021746  2.871773  0.914114  
24      1.424534e-05  0.021689  2.859989  0.910363  
25      1.420648e-05  0.021630  2.848198  0.906609  
26      1.416606e-05  0.021568  2.836399  0.902854  
27      1.412411e-05  0.021504  2.824592  0.899096  
28      1.408062e-05  0.021438  2.812778  0.895335  
29      1.403559e-05  0.021370  2.800955  0.891572  
...              ...       ...       ...       ...  
106770  1.014402e-07  0.000154 -2.360113 -0.751247  
106771  1.010550e-07  0.000154 -2.384965 -0.759158  
106772  1.006797e-07  0.000153 -2.409925 -0.767103  
106773  1.003148e-07  0.000153 -2.434992 -0.775082  
106774  9.996047e-08  0.000152 -2.460165 -0.783095  
106775  9.961699e-08  0.000152 -2.485440 -0.791140  
106776  9.928463e-08  0.000151 -2.510816 -0.799218  
106777  9.896365e-08  0.000151 -2.536290 -0.807326  
106778  9.865429e-08  0.000150 -2.561861 -0.815466  
106779  9.835681e-08  0.000150 -2.587524 -0.823635  
106780  9.807143e-08  0.000149 -2.613278 -0.831832  
106781  9.779841e-08  0.000149 -2.639120 -0.840058  
106782  9.753794e-08  0.000149 -2.665045 -0.848310  
106783  9.729026e-08  0.000148 -2.691051 -0.856588  
106784  9.705557e-08  0.000148 -2.717134 -0.864891  
106785  9.683407e-08  0.000147 -2.743291 -0.873217  
106786  9.662593e-08  0.000147 -2.769518 -0.881565  
106787  9.643135e-08  0.000147 -2.795811 -0.889934  
106788  9.625049e-08  0.000147 -2.822165 -0.898323  
106789  9.608350e-08  0.000146 -2.848577 -0.906730  
106790  9.593054e-08  0.000146 -2.875042 -0.915154  
106791  9.579172e-08  0.000146 -2.901555 -0.923594  
106792  9.566719e-08  0.000146 -2.928113 -0.932047  
106793  9.555704e-08  0.000145 -2.954711 -0.940514  
106794  9.546138e-08  0.000145 -2.981343 -0.948991  
106795  9.538029e-08  0.000145 -3.008005 -0.957478  
106796  9.531385e-08  0.000145 -3.034692 -0.965973  
106797  9.526211e-08  0.000145 -3.061400 -0.974474  
106798  9.522511e-08  0.000145 -3.088122 -0.982980  
106799  9.520290e-08  0.000145 -3.114855 -0.991489  

[106800 rows x 10 columns]
