             freq  bin  bins_total   period_yr         mag  mag_norm  \
bin                                                                    
0    0.000000e+00    0         356  118.666667   69.054861  0.195096   
1    5.348216e-10    1         356   59.333333   97.350159  0.275037   
2    1.069643e-09    2         356   29.666667  128.511970  0.363076   
3    1.604465e-09    3         356   19.777778  108.948799  0.307806   
4    2.139286e-09    4         356   14.833333   66.730034  0.188528   
5    2.674108e-09    5         356   11.866667   44.098015  0.124587   
6    3.208930e-09    6         356    9.888889   53.281975  0.150534   
7    3.743751e-09    7         356    8.476190   59.656132  0.168543   
8    4.278573e-09    8         356    7.416667   42.518133  0.120124   
9    4.813394e-09    9         356    6.592593   19.734457  0.055754   
10   5.348216e-09   10         356    5.933333   16.554311  0.046770   
11   5.883038e-09   11         356    5.393939   22.118143  0.062489   
12   6.417859e-09   12         356    4.944444   21.508056  0.060765   
13   6.952681e-09   13         356    4.564103    8.478672  0.023954   
14   7.487502e-09   14         356    4.238095    7.544056  0.021314   
15   8.022324e-09   15         356    3.955556   12.346566  0.034882   
16   8.557145e-09   16         356    3.708333   31.323381  0.088496   
17   9.091967e-09   17         356    3.490196   28.472157  0.080440   
18   9.626789e-09   18         356    3.296296   12.262037  0.034643   
19   1.016161e-08   19         356    3.122807    7.412096  0.020941   
20   1.069643e-08   20         356    2.966667    5.702252  0.016110   
21   1.123125e-08   21         356    2.825397    4.121715  0.011645   
22   1.176608e-08   22         356    2.696970    5.493292  0.015520   
23   1.230090e-08   23         356    2.579710   14.204419  0.040131   
24   1.283572e-08   24         356    2.472222   11.481533  0.032438   
25   1.337054e-08   25         356    2.373333    6.171010  0.017435   
26   1.390536e-08   26         356    2.282051    9.446551  0.026689   
27   1.444018e-08   27         356    2.197531    1.004189  0.002837   
28   1.497500e-08   28         356    2.119048   10.452283  0.029530   
29   1.550983e-08   29         356    2.045977    8.621384  0.024357   
..            ...  ...         ...         ...         ...       ...   
326  1.743518e-07  326         356    0.182004    0.117954  0.000333   
327  1.748867e-07  327         356    0.181448    1.052904  0.002975   
328  1.754215e-07  328         356    0.180894    1.413690  0.003994   
329  1.759563e-07  329         356    0.180344    3.100977  0.008761   
330  1.764911e-07  330         356    0.179798    3.814811  0.010778   
331  1.770259e-07  331         356    0.179255    3.224526  0.009110   
332  1.775608e-07  332         356    0.178715    1.474170  0.004165   
333  1.780956e-07  333         356    0.178178    1.026383  0.002900   
334  1.786304e-07  334         356    0.177645    2.288256  0.006465   
335  1.791652e-07  335         356    0.177114    2.149994  0.006074   
336  1.797001e-07  336         356    0.176587    1.928094  0.005447   
337  1.802349e-07  337         356    0.176063    1.633133  0.004614   
338  1.807697e-07  338         356    0.175542    0.726172  0.002052   
339  1.813045e-07  339         356    0.175025    0.995244  0.002812   
340  1.818393e-07  340         356    0.174510    1.149140  0.003247   
341  1.823742e-07  341         356    0.173998    0.768899  0.002172   
342  1.829090e-07  342         356    0.173489    2.636710  0.007449   
343  1.834438e-07  343         356    0.172983    2.716191  0.007674   
344  1.839786e-07  344         356    0.172481    2.054638  0.005805   
345  1.845134e-07  345         356    0.171981    1.336774  0.003777   
346  1.850483e-07  346         356    0.171484    0.735108  0.002077   
347  1.855831e-07  347         356    0.170989    1.865270  0.005270   
348  1.861179e-07  348         356    0.170498    2.500165  0.007064   
349  1.866527e-07  349         356    0.170010    3.089406  0.008728   
350  1.871876e-07  350         356    0.169524    2.267001  0.006405   
351  1.877224e-07  351         356    0.169041    2.135231  0.006033   
352  1.882572e-07  352         356    0.168561    1.776979  0.005020   
353  1.887920e-07  353         356    0.168083    0.890374  0.002516   
354  1.893268e-07  354         356    0.167608    0.667655  0.001886   
355  1.898617e-07  355         356    0.167136    1.539386  0.004349   

          amp  amp_norm       pha  pha_norm  
bin                                          
0    0.193974  0.195096  0.000000  0.000000  
1    0.273456  0.275037 -2.981038 -0.950125  
2    0.360989  0.363076  0.206778  0.065905  
3    0.306036  0.307806 -2.978769 -0.949401  
4    0.187444  0.188528 -0.086610 -0.027605  
5    0.123871  0.124587  2.428961  0.774165  
6    0.149668  0.150534 -1.256325 -0.400419  
7    0.167573  0.168543  1.676344  0.534289  
8    0.119433  0.120124 -1.688177 -0.538060  
9    0.055434  0.055754  0.924333  0.294606  
10   0.046501  0.046770 -2.782564 -0.886866  
11   0.062130  0.062489  0.673872  0.214778  
12   0.060416  0.060765 -2.293214 -0.730900  
13   0.023816  0.023954  0.285609  0.091030  
14   0.021191  0.021314  1.611883  0.513744  
15   0.034681  0.034882  2.757004  0.878720  
16   0.087987  0.088496 -0.843404 -0.268812  
17   0.079978  0.080440  2.135491  0.680630  
18   0.034444  0.034643 -1.537361 -0.489992  
19   0.020820  0.020941  0.426552  0.135952  
20   0.016018  0.016110  2.576681  0.821247  
21   0.011578  0.011645 -0.946967 -0.301820  
22   0.015431  0.015520 -1.977063 -0.630135  
23   0.039900  0.040131  1.312518  0.418329  
24   0.032251  0.032438 -2.078073 -0.662329  
25   0.017334  0.017435 -0.736298 -0.234675  
26   0.026535  0.026689  1.746135  0.556533  
27   0.002821  0.002837  1.794731  0.572022  
28   0.029360  0.029530 -1.414755 -0.450915  
29   0.024217  0.024357  1.784451  0.568745  
..        ...       ...       ...       ...  
326  0.000331  0.000333 -2.479378 -0.790234  
327  0.002958  0.002975  1.680226  0.535526  
328  0.003971  0.003994 -2.578849 -0.821938  
329  0.008711  0.008761  0.074431  0.023723  
330  0.010716  0.010778 -3.137523 -1.000000  
331  0.009058  0.009110 -0.005215 -0.001662  
332  0.004141  0.004165 -3.102801 -0.988933  
333  0.002883  0.002900  2.519586  0.803050  
334  0.006428  0.006465 -0.377506 -0.120320  
335  0.006039  0.006074  2.798277  0.891875  
336  0.005416  0.005447 -0.763336 -0.243293  
337  0.004587  0.004614  1.963296  0.625747  
338  0.002040  0.002052 -1.042271 -0.332195  
339  0.002796  0.002812 -2.705072 -0.862168  
340  0.003228  0.003247  1.012792  0.322800  
341  0.002160  0.002172  0.250530  0.079850  
342  0.007406  0.007449 -2.173304 -0.692681  
343  0.007630  0.007674  1.276227  0.406763  
344  0.005771  0.005805 -1.332451 -0.424683  
345  0.003755  0.003777  2.096086  0.668070  
346  0.002065  0.002077  0.685809  0.218583  
347  0.005240  0.005270 -2.574510 -0.820555  
348  0.007023  0.007064 -0.406631 -0.129603  
349  0.008678  0.008728  2.324660  0.740922  
350  0.006368  0.006405 -0.300351 -0.095729  
351  0.005998  0.006033 -2.520337 -0.803289  
352  0.004992  0.005020  1.328588  0.423451  
353  0.002501  0.002516 -1.531869 -0.488242  
354  0.001875  0.001886 -1.828756 -0.582866  
355  0.004324  0.004349  0.891891  0.284266  

[356 rows x 10 columns]
