             freq  bin  bins_total   period_yr         mag  mag_norm  \
bin                                                                    
0    0.000000e+00    0         356  118.666667   55.238214  0.137473   
1    5.348216e-10    1         356   59.333333   97.604911  0.242912   
2    1.069643e-09    2         356   29.666667  140.174237  0.348856   
3    1.604465e-09    3         356   19.777778  112.183991  0.279196   
4    2.139286e-09    4         356   14.833333   65.101690  0.162021   
5    2.674108e-09    5         356   11.866667   41.348496  0.102905   
6    3.208930e-09    6         356    9.888889   54.766519  0.136299   
7    3.743751e-09    7         356    8.476190   65.107549  0.162035   
8    4.278573e-09    8         356    7.416667   44.452797  0.110631   
9    4.813394e-09    9         356    6.592593   17.385823  0.043269   
10   5.348216e-09   10         356    5.933333   15.634523  0.038910   
11   5.883038e-09   11         356    5.393939   23.843007  0.059339   
12   6.417859e-09   12         356    4.944444   24.706937  0.061489   
13   6.952681e-09   13         356    4.564103    8.351313  0.020784   
14   7.487502e-09   14         356    4.238095   12.463626  0.031019   
15   8.022324e-09   15         356    3.955556   11.807275  0.029385   
16   8.557145e-09   16         356    3.708333   36.695653  0.091326   
17   9.091967e-09   17         356    3.490196   31.363027  0.078054   
18   9.626789e-09   18         356    3.296296   11.088752  0.027597   
19   1.016161e-08   19         356    3.122807    9.000255  0.022399   
20   1.069643e-08   20         356    2.966667    6.003490  0.014941   
21   1.123125e-08   21         356    2.825397    5.564663  0.013849   
22   1.176608e-08   22         356    2.696970    5.206326  0.012957   
23   1.230090e-08   23         356    2.579710   16.438033  0.040910   
24   1.283572e-08   24         356    2.472222   14.061294  0.034995   
25   1.337054e-08   25         356    2.373333    7.890959  0.019638   
26   1.390536e-08   26         356    2.282051   12.798689  0.031852   
27   1.444018e-08   27         356    2.197531    1.573977  0.003917   
28   1.497500e-08   28         356    2.119048   12.784990  0.031818   
29   1.550983e-08   29         356    2.045977    9.649153  0.024014   
..            ...  ...         ...         ...         ...       ...   
326  1.743518e-07  326         356    0.182004    0.226290  0.000563   
327  1.748867e-07  327         356    0.181448    1.403357  0.003493   
328  1.754215e-07  328         356    0.180894    1.302907  0.003243   
329  1.759563e-07  329         356    0.180344    3.377550  0.008406   
330  1.764911e-07  330         356    0.179798    3.997082  0.009948   
331  1.770259e-07  331         356    0.179255    3.413374  0.008495   
332  1.775608e-07  332         356    0.178715    1.625982  0.004047   
333  1.780956e-07  333         356    0.178178    1.245556  0.003100   
334  1.786304e-07  334         356    0.177645    2.602315  0.006476   
335  1.791652e-07  335         356    0.177114    2.103872  0.005236   
336  1.797001e-07  336         356    0.176587    2.049018  0.005099   
337  1.802349e-07  337         356    0.176063    1.840507  0.004581   
338  1.807697e-07  338         356    0.175542    0.594323  0.001479   
339  1.813045e-07  339         356    0.175025    1.184861  0.002949   
340  1.818393e-07  340         356    0.174510    1.587011  0.003950   
341  1.823742e-07  341         356    0.173998    0.890349  0.002216   
342  1.829090e-07  342         356    0.173489    3.128609  0.007786   
343  1.834438e-07  343         356    0.172983    2.906560  0.007234   
344  1.839786e-07  344         356    0.172481    2.074096  0.005162   
345  1.845134e-07  345         356    0.171981    1.613187  0.004015   
346  1.850483e-07  346         356    0.171484    0.660907  0.001645   
347  1.855831e-07  347         356    0.170989    2.346968  0.005841   
348  1.861179e-07  348         356    0.170498    2.807217  0.006986   
349  1.866527e-07  349         356    0.170010    3.514166  0.008746   
350  1.871876e-07  350         356    0.169524    2.331226  0.005802   
351  1.877224e-07  351         356    0.169041    2.535250  0.006310   
352  1.882572e-07  352         356    0.168561    1.910404  0.004754   
353  1.887920e-07  353         356    0.168083    1.073617  0.002672   
354  1.893268e-07  354         356    0.167608    0.832005  0.002071   
355  1.898617e-07  355         356    0.167136    1.912108  0.004759   

          amp  amp_norm       pha  pha_norm  
bin                                          
0    0.155164  0.137473  0.000000  0.000000  
1    0.274171  0.242912 -2.981498 -0.949612  
2    0.393748  0.348856  0.219206  0.069817  
3    0.315124  0.279196 -2.958607 -0.942321  
4    0.182870  0.162021 -0.108392 -0.034523  
5    0.116147  0.102905  2.391184  0.761596  
6    0.153839  0.136299 -1.285084 -0.409301  
7    0.182886  0.162035  1.683749  0.536277  
8    0.124867  0.110631 -1.715062 -0.546250  
9    0.048837  0.043269  0.785186  0.250083  
10   0.043917  0.038910 -3.015138 -0.960326  
11   0.066975  0.059339  0.693004  0.220723  
12   0.069402  0.061489 -2.206556 -0.702792  
13   0.023459  0.020784  0.212226  0.067594  
14   0.035010  0.031019  1.672452  0.532679  
15   0.033167  0.029385  2.876446  0.916153  
16   0.103078  0.091326 -0.857174 -0.273011  
17   0.088098  0.078054  2.150493  0.684936  
18   0.031148  0.027597 -1.716639 -0.546752  
19   0.025282  0.022399  0.339142  0.108017  
20   0.016864  0.014941  2.426020  0.772691  
21   0.015631  0.013849 -1.199480 -0.382036  
22   0.014625  0.012957 -1.954852 -0.622624  
23   0.046174  0.040910  1.367795  0.435645  
24   0.039498  0.034995 -2.037666 -0.649000  
25   0.022166  0.019638 -0.889200 -0.283212  
26   0.035951  0.031852  1.668340  0.531369  
27   0.004421  0.003917  1.707073  0.543706  
28   0.035913  0.031818 -1.435083 -0.457076  
29   0.027104  0.024014  1.830943  0.583158  
..        ...       ...       ...       ...  
326  0.000636  0.000563 -2.008891 -0.639835  
327  0.003942  0.003493  1.903941  0.606408  
328  0.003660  0.003243 -2.534624 -0.807282  
329  0.009488  0.008406  0.053018  0.016886  
330  0.011228  0.009948  3.133874  0.998144  
331  0.009588  0.008495  0.006587  0.002098  
332  0.004567  0.004047  3.078601  0.980540  
333  0.003499  0.003100  2.576577  0.820644  
334  0.007310  0.006476 -0.395479 -0.125961  
335  0.005910  0.005236  2.926391  0.932060  
336  0.005756  0.005099 -0.790622 -0.251814  
337  0.005170  0.004581  1.880547  0.598957  
338  0.001669  0.001479 -1.372849 -0.437255  
339  0.003328  0.002949 -2.785227 -0.887099  
340  0.004458  0.003950  1.002736  0.319373  
341  0.002501  0.002216 -0.035254 -0.011228  
342  0.008788  0.007786 -2.166623 -0.690073  
343  0.008164  0.007234  1.238636  0.394508  
344  0.005826  0.005162 -1.184815 -0.377365  
345  0.004531  0.004015  2.056980  0.655152  
346  0.001856  0.001645  1.215224  0.387051  
347  0.006593  0.005841 -2.363307 -0.752717  
348  0.007885  0.006986 -0.427532 -0.136170  
349  0.009871  0.008746  2.157833  0.687274  
350  0.006548  0.005802 -0.272877 -0.086912  
351  0.007121  0.006310 -2.494781 -0.794592  
352  0.005366  0.004754  1.498234  0.477190  
353  0.003016  0.002672 -1.485014 -0.472979  
354  0.002337  0.002071 -1.507684 -0.480200  
355  0.005371  0.004759  0.973011  0.309906  

[356 rows x 10 columns]
