                freq     bin  bins_total     period_yr        mag  mag_norm  \
bin                                                                           
0       0.000000e+00       0      106650  35550.000000  32.256925  0.058741   
1       1.785213e-12       1      106650  17775.000000  32.257776  0.058742   
2       3.570427e-12       2      106650   8887.500000  32.260328  0.058747   
3       5.355640e-12       3      106650   5925.000000  32.264581  0.058754   
4       7.140854e-12       4      106650   4443.750000  32.270536  0.058765   
5       8.926067e-12       5      106650   3555.000000  32.278191  0.058779   
6       1.071128e-11       6      106650   2962.500000  32.287547  0.058796   
7       1.249649e-11       7      106650   2539.285714  32.298604  0.058816   
8       1.428171e-11       8      106650   2221.875000  32.311362  0.058840   
9       1.606692e-11       9      106650   1975.000000  32.325819  0.058866   
10      1.785213e-11      10      106650   1777.500000  32.341977  0.058895   
11      1.963735e-11      11      106650   1615.909091  32.359833  0.058928   
12      2.142256e-11      12      106650   1481.250000  32.379389  0.058964   
13      2.320777e-11      13      106650   1367.307692  32.400644  0.059002   
14      2.499299e-11      14      106650   1269.642857  32.423596  0.059044   
15      2.677820e-11      15      106650   1185.000000  32.448247  0.059089   
16      2.856341e-11      16      106650   1110.937500  32.474594  0.059137   
17      3.034863e-11      17      106650   1045.588235  32.502638  0.059188   
18      3.213384e-11      18      106650    987.500000  32.532378  0.059242   
19      3.391905e-11      19      106650    935.526316  32.563814  0.059299   
20      3.570427e-11      20      106650    888.750000  32.596943  0.059360   
21      3.748948e-11      21      106650    846.428571  32.631767  0.059423   
22      3.927469e-11      22      106650    807.954545  32.668284  0.059490   
23      4.105991e-11      23      106650    772.826087  32.706493  0.059559   
24      4.284512e-11      24      106650    740.625000  32.746394  0.059632   
25      4.463034e-11      25      106650    711.000000  32.787985  0.059708   
26      4.641555e-11      26      106650    683.653846  32.831266  0.059786   
27      4.820076e-11      27      106650    658.333333  32.876236  0.059868   
28      4.998598e-11      28      106650    634.821429  32.922894  0.059953   
29      5.177119e-11      29      106650    612.931034  32.971238  0.060041   
...              ...     ...         ...           ...        ...       ...   
106620  1.903395e-07  106620      106650      0.166714   1.472808  0.002682   
106621  1.903412e-07  106621      106650      0.166712   1.470774  0.002678   
106622  1.903430e-07  106622      106650      0.166710   1.468805  0.002675   
106623  1.903448e-07  106623      106650      0.166709   1.466902  0.002671   
106624  1.903466e-07  106624      106650      0.166707   1.465065  0.002668   
106625  1.903484e-07  106625      106650      0.166706   1.463295  0.002665   
106626  1.903502e-07  106626      106650      0.166704   1.461591  0.002662   
106627  1.903519e-07  106627      106650      0.166703   1.459955  0.002659   
106628  1.903537e-07  106628      106650      0.166701   1.458386  0.002656   
106629  1.903555e-07  106629      106650      0.166699   1.456886  0.002653   
106630  1.903573e-07  106630      106650      0.166698   1.455453  0.002650   
106631  1.903591e-07  106631      106650      0.166696   1.454088  0.002648   
106632  1.903609e-07  106632      106650      0.166695   1.452792  0.002646   
106633  1.903627e-07  106633      106650      0.166693   1.451565  0.002643   
106634  1.903644e-07  106634      106650      0.166692   1.450406  0.002641   
106635  1.903662e-07  106635      106650      0.166690   1.449317  0.002639   
106636  1.903680e-07  106636      106650      0.166689   1.448297  0.002637   
106637  1.903698e-07  106637      106650      0.166687   1.447347  0.002636   
106638  1.903716e-07  106638      106650      0.166685   1.446466  0.002634   
106639  1.903734e-07  106639      106650      0.166684   1.445655  0.002633   
106640  1.903752e-07  106640      106650      0.166682   1.444914  0.002631   
106641  1.903769e-07  106641      106650      0.166681   1.444244  0.002630   
106642  1.903787e-07  106642      106650      0.166679   1.443643  0.002629   
106643  1.903805e-07  106643      106650      0.166678   1.443113  0.002628   
106644  1.903823e-07  106644      106650      0.166676   1.442654  0.002627   
106645  1.903841e-07  106645      106650      0.166674   1.442265  0.002626   
106646  1.903859e-07  106646      106650      0.166673   1.441947  0.002626   
106647  1.903877e-07  106647      106650      0.166671   1.441699  0.002625   
106648  1.903894e-07  106648      106650      0.166670   1.441522  0.002625   
106649  1.903912e-07  106649      106650      0.166668   1.441416  0.002625   

             amp  amp_norm       pha  pha_norm  
bin                                             
0       0.000302  0.058741  0.000000  0.000000  
1       0.000302  0.058742 -0.009501 -0.003024  
2       0.000302  0.058747 -0.019002 -0.006049  
3       0.000303  0.058754 -0.028504 -0.009073  
4       0.000303  0.058765 -0.038006 -0.012098  
5       0.000303  0.058779 -0.047508 -0.015123  
6       0.000303  0.058796 -0.057011 -0.018147  
7       0.000303  0.058816 -0.066515 -0.021173  
8       0.000303  0.058840 -0.076019 -0.024198  
9       0.000303  0.058866 -0.085525 -0.027224  
10      0.000303  0.058895 -0.095032 -0.030250  
11      0.000303  0.058928 -0.104539 -0.033276  
12      0.000304  0.058964 -0.114048 -0.036303  
13      0.000304  0.059002 -0.123559 -0.039330  
14      0.000304  0.059044 -0.133071 -0.042358  
15      0.000304  0.059089 -0.142585 -0.045387  
16      0.000304  0.059137 -0.152100 -0.048416  
17      0.000305  0.059188 -0.161618 -0.051445  
18      0.000305  0.059242 -0.171137 -0.054475  
19      0.000305  0.059299 -0.180658 -0.057506  
20      0.000306  0.059360 -0.190182 -0.060538  
21      0.000306  0.059423 -0.199708 -0.063570  
22      0.000306  0.059490 -0.209237 -0.066603  
23      0.000307  0.059559 -0.218768 -0.069637  
24      0.000307  0.059632 -0.228301 -0.072671  
25      0.000307  0.059708 -0.237838 -0.075707  
26      0.000308  0.059786 -0.247377 -0.078743  
27      0.000308  0.059868 -0.256919 -0.081781  
28      0.000309  0.059953 -0.266464 -0.084819  
29      0.000309  0.060041 -0.276013 -0.087859  
...          ...       ...       ...       ...  
106620  0.000014  0.002682 -2.659203 -0.846461  
106621  0.000014  0.002678 -2.675106 -0.851523  
106622  0.000014  0.002675 -2.691027 -0.856590  
106623  0.000014  0.002671 -2.706964 -0.861663  
106624  0.000014  0.002668 -2.722918 -0.866742  
106625  0.000014  0.002665 -2.738887 -0.871825  
106626  0.000014  0.002662 -2.754872 -0.876913  
106627  0.000014  0.002659 -2.770872 -0.882006  
106628  0.000014  0.002656 -2.786885 -0.887104  
106629  0.000014  0.002653 -2.802913 -0.892205  
106630  0.000014  0.002650 -2.818953 -0.897311  
106631  0.000014  0.002648 -2.835006 -0.902421  
106632  0.000014  0.002646 -2.851071 -0.907535  
106633  0.000014  0.002643 -2.867148 -0.912652  
106634  0.000014  0.002641 -2.883235 -0.917773  
106635  0.000014  0.002639 -2.899332 -0.922897  
106636  0.000014  0.002637 -2.915439 -0.928024  
106637  0.000014  0.002636 -2.931555 -0.933154  
106638  0.000014  0.002634 -2.947680 -0.938287  
106639  0.000014  0.002633 -2.963812 -0.943422  
106640  0.000014  0.002631 -2.979951 -0.948559  
106641  0.000014  0.002630 -2.996096 -0.953698  
106642  0.000014  0.002629 -3.012248 -0.958839  
106643  0.000014  0.002628 -3.028405 -0.963982  
106644  0.000014  0.002627 -3.044566 -0.969127  
106645  0.000014  0.002626 -3.060731 -0.974272  
106646  0.000014  0.002626 -3.076899 -0.979419  
106647  0.000014  0.002625 -3.093070 -0.984566  
106648  0.000014  0.002625 -3.109243 -0.989714  
106649  0.000014  0.002625 -3.125418 -0.994863  

[106650 rows x 10 columns]
