                freq     bin  bins_total     period_yr        mag  mag_norm  \
bin                                                                           
0       0.000000e+00       0      106800  35600.000000  32.384694  0.058884   
1       1.782739e-12       1      106800  17800.000000  32.385527  0.058885   
2       3.565477e-12       2      106800   8900.000000  32.388027  0.058890   
3       5.348216e-12       3      106800   5933.333333  32.392193  0.058897   
4       7.130955e-12       4      106800   4450.000000  32.398026  0.058908   
5       8.913693e-12       5      106800   3560.000000  32.405525  0.058922   
6       1.069643e-11       6      106800   2966.666667  32.414690  0.058938   
7       1.247917e-11       7      106800   2542.857143  32.425521  0.058958   
8       1.426191e-11       8      106800   2225.000000  32.438017  0.058981   
9       1.604465e-11       9      106800   1977.777778  32.452179  0.059006   
10      1.782739e-11      10      106800   1780.000000  32.468007  0.059035   
11      1.961013e-11      11      106800   1618.181818  32.485499  0.059067   
12      2.139286e-11      12      106800   1483.333333  32.504656  0.059102   
13      2.317560e-11      13      106800   1369.230769  32.525477  0.059140   
14      2.495834e-11      14      106800   1271.428571  32.547962  0.059181   
15      2.674108e-11      15      106800   1186.666667  32.572110  0.059224   
16      2.852382e-11      16      106800   1112.500000  32.597922  0.059271   
17      3.030656e-11      17      106800   1047.058824  32.625395  0.059321   
18      3.208930e-11      18      106800    988.888889  32.654531  0.059374   
19      3.387203e-11      19      106800    936.842105  32.685328  0.059430   
20      3.565477e-11      20      106800    890.000000  32.717786  0.059489   
21      3.743751e-11      21      106800    847.619048  32.751903  0.059551   
22      3.922025e-11      22      106800    809.090909  32.787681  0.059616   
23      4.100299e-11      23      106800    773.913043  32.825117  0.059684   
24      4.278573e-11      24      106800    741.666667  32.864211  0.059756   
25      4.456847e-11      25      106800    712.000000  32.904962  0.059830   
26      4.635120e-11      26      106800    684.615385  32.947370  0.059907   
27      4.813394e-11      27      106800    659.259259  32.991434  0.059987   
28      4.991668e-11      28      106800    635.714286  33.037153  0.060070   
29      5.169942e-11      29      106800    613.793103  33.084525  0.060156   
...              ...     ...         ...           ...        ...       ...   
106770  1.903430e-07  106770      106800      0.166713   1.759720  0.003200   
106771  1.903448e-07  106771      106800      0.166712   1.757867  0.003196   
106772  1.903466e-07  106772      106800      0.166710   1.756074  0.003193   
106773  1.903484e-07  106773      106800      0.166709   1.754339  0.003190   
106774  1.903501e-07  106774      106800      0.166707   1.752664  0.003187   
106775  1.903519e-07  106775      106800      0.166706   1.751049  0.003184   
106776  1.903537e-07  106776      106800      0.166704   1.749494  0.003181   
106777  1.903555e-07  106777      106800      0.166703   1.748000  0.003178   
106778  1.903573e-07  106778      106800      0.166701   1.746567  0.003176   
106779  1.903590e-07  106779      106800      0.166699   1.745195  0.003173   
106780  1.903608e-07  106780      106800      0.166698   1.743884  0.003171   
106781  1.903626e-07  106781      106800      0.166696   1.742636  0.003169   
106782  1.903644e-07  106782      106800      0.166695   1.741449  0.003166   
106783  1.903662e-07  106783      106800      0.166693   1.740326  0.003164   
106784  1.903680e-07  106784      106800      0.166692   1.739264  0.003162   
106785  1.903697e-07  106785      106800      0.166690   1.738266  0.003161   
106786  1.903715e-07  106786      106800      0.166689   1.737332  0.003159   
106787  1.903733e-07  106787      106800      0.166687   1.736460  0.003157   
106788  1.903751e-07  106788      106800      0.166685   1.735653  0.003156   
106789  1.903769e-07  106789      106800      0.166684   1.734909  0.003155   
106790  1.903787e-07  106790      106800      0.166682   1.734229  0.003153   
106791  1.903804e-07  106791      106800      0.166681   1.733614  0.003152   
106792  1.903822e-07  106792      106800      0.166679   1.733063  0.003151   
106793  1.903840e-07  106793      106800      0.166678   1.732576  0.003150   
106794  1.903858e-07  106794      106800      0.166676   1.732154  0.003150   
106795  1.903876e-07  106795      106800      0.166674   1.731797  0.003149   
106796  1.903894e-07  106796      106800      0.166673   1.731505  0.003148   
106797  1.903911e-07  106797      106800      0.166671   1.731277  0.003148   
106798  1.903929e-07  106798      106800      0.166670   1.731115  0.003148   
106799  1.903947e-07  106799      106800      0.166668   1.731017  0.003147   

             amp  amp_norm       pha  pha_norm  
bin                                             
0       0.000303  0.058884  0.000000  0.000000  
1       0.000303  0.058885 -0.009540 -0.003037  
2       0.000303  0.058890 -0.019079 -0.006073  
3       0.000303  0.058897 -0.028619 -0.009110  
4       0.000303  0.058908 -0.038159 -0.012147  
5       0.000303  0.058922 -0.047700 -0.015183  
6       0.000304  0.058938 -0.057241 -0.018220  
7       0.000304  0.058958 -0.066782 -0.021258  
8       0.000304  0.058981 -0.076325 -0.024295  
9       0.000304  0.059006 -0.085868 -0.027333  
10      0.000304  0.059035 -0.095412 -0.030371  
11      0.000304  0.059067 -0.104957 -0.033409  
12      0.000304  0.059102 -0.114503 -0.036448  
13      0.000305  0.059140 -0.124051 -0.039487  
14      0.000305  0.059181 -0.133599 -0.042526  
15      0.000305  0.059224 -0.143149 -0.045566  
16      0.000305  0.059271 -0.152701 -0.048606  
17      0.000305  0.059321 -0.162254 -0.051647  
18      0.000306  0.059374 -0.171809 -0.054689  
19      0.000306  0.059430 -0.181365 -0.057731  
20      0.000306  0.059489 -0.190924 -0.060773  
21      0.000307  0.059551 -0.200484 -0.063816  
22      0.000307  0.059616 -0.210046 -0.066860  
23      0.000307  0.059684 -0.219611 -0.069905  
24      0.000308  0.059756 -0.229177 -0.072950  
25      0.000308  0.059830 -0.238746 -0.075996  
26      0.000308  0.059907 -0.248318 -0.079042  
27      0.000309  0.059987 -0.257892 -0.082090  
28      0.000309  0.060070 -0.267468 -0.085138  
29      0.000310  0.060156 -0.277047 -0.088187  
...          ...       ...       ...       ...  
106770  0.000016  0.003200 -2.636972 -0.839380  
106771  0.000016  0.003196 -2.653617 -0.844678  
106772  0.000016  0.003193 -2.670280 -0.849982  
106773  0.000016  0.003190 -2.686959 -0.855291  
106774  0.000016  0.003187 -2.703655 -0.860606  
106775  0.000016  0.003184 -2.720367 -0.865925  
106776  0.000016  0.003181 -2.737094 -0.871250  
106777  0.000016  0.003178 -2.753835 -0.876579  
106778  0.000016  0.003176 -2.770591 -0.881912  
106779  0.000016  0.003173 -2.787360 -0.887250  
106780  0.000016  0.003171 -2.804142 -0.892592  
106781  0.000016  0.003169 -2.820936 -0.897938  
106782  0.000016  0.003166 -2.837743 -0.903287  
106783  0.000016  0.003164 -2.854560 -0.908641  
106784  0.000016  0.003162 -2.871389 -0.913997  
106785  0.000016  0.003161 -2.888227 -0.919357  
106786  0.000016  0.003159 -2.905075 -0.924720  
106787  0.000016  0.003157 -2.921932 -0.930086  
106788  0.000016  0.003156 -2.938797 -0.935454  
106789  0.000016  0.003155 -2.955669 -0.940825  
106790  0.000016  0.003153 -2.972549 -0.946198  
106791  0.000016  0.003152 -2.989435 -0.951573  
106792  0.000016  0.003151 -3.006327 -0.956950  
106793  0.000016  0.003150 -3.023224 -0.962328  
106794  0.000016  0.003150 -3.040125 -0.967708  
106795  0.000016  0.003149 -3.057031 -0.973089  
106796  0.000016  0.003148 -3.073939 -0.978471  
106797  0.000016  0.003148 -3.090850 -0.983854  
106798  0.000016  0.003148 -3.107763 -0.989238  
106799  0.000016  0.003147 -3.124678 -0.994622  

[106800 rows x 10 columns]
