            mmlo_data  mmlo_dec_date  mmlo_sea  mmlo_trend  mmlo_notrend  \
1950-01-31        NaN            NaN       NaN         NaN           NaN   
1950-02-28        NaN            NaN       NaN         NaN           NaN   
1950-03-31        NaN            NaN       NaN         NaN           NaN   
1950-04-30        NaN            NaN       NaN         NaN           NaN   
1950-05-31        NaN            NaN       NaN         NaN           NaN   
1950-06-30        NaN            NaN       NaN         NaN           NaN   
1950-07-31        NaN            NaN       NaN         NaN           NaN   
1950-08-31        NaN            NaN       NaN         NaN           NaN   
1950-09-30        NaN            NaN       NaN         NaN           NaN   
1950-10-31        NaN            NaN       NaN         NaN           NaN   
1950-11-30        NaN            NaN       NaN         NaN           NaN   
1950-12-31        NaN            NaN       NaN         NaN           NaN   
1951-01-31        NaN            NaN       NaN         NaN           NaN   
1951-02-28        NaN            NaN       NaN         NaN           NaN   
1951-03-31        NaN            NaN       NaN         NaN           NaN   
1951-04-30        NaN            NaN       NaN         NaN           NaN   
1951-05-31        NaN            NaN       NaN         NaN           NaN   
1951-06-30        NaN            NaN       NaN         NaN           NaN   
1951-07-31        NaN            NaN       NaN         NaN           NaN   
1951-08-31        NaN            NaN       NaN         NaN           NaN   
1951-09-30        NaN            NaN       NaN         NaN           NaN   
1951-10-31        NaN            NaN       NaN         NaN           NaN   
1951-11-30        NaN            NaN       NaN         NaN           NaN   
1951-12-31        NaN            NaN       NaN         NaN           NaN   
1952-01-31        NaN            NaN       NaN         NaN           NaN   
1952-02-29        NaN            NaN       NaN         NaN           NaN   
1952-03-31        NaN            NaN       NaN         NaN           NaN   
1952-04-30        NaN            NaN       NaN         NaN           NaN   
1952-05-31        NaN            NaN       NaN         NaN           NaN   
1952-06-30        NaN            NaN       NaN         NaN           NaN   
...               ...            ...       ...         ...           ...   
2015-01-31     399.98    2015.082192    399.75  399.867204      0.112796   
2015-02-28     400.28    2015.158904    399.47  400.037495      0.242505   
2015-03-31     401.54    2015.243721    399.98  400.225950      1.314050   
2015-04-30     403.28    2015.325913    400.39  400.408745      2.871255   
2015-05-31     403.96    2015.410845    400.57  400.597812      3.362188   
2015-06-30     402.80    2015.493037    400.53  400.780952      2.019048   
2015-07-31     401.31    2015.577968    400.92  400.970377      0.339623   
2015-08-31     398.93    2015.662900    400.77  401.159983     -2.229983   
2015-09-30     397.63    2015.745091    401.15  401.343645     -3.713645   
2015-10-31     398.29    2015.830137    401.65  401.533864     -3.243864   
2015-11-30     400.16    2015.912329    402.21  401.717873     -1.557873   
2015-12-31     401.85    2015.997260    402.62  401.908194     -0.058194   
2016-01-31     402.52    2016.081967    402.30  402.098193      0.421807   
2016-02-29     404.04    2016.161202    403.23  402.276082      1.763918   
2016-03-31     404.83    2016.245788    403.26  402.466158      2.363842   
2016-04-30     407.42    2016.327755    404.53  402.650523      4.769477   
2016-05-31     407.70    2016.412454    404.32  402.841210      4.858790   
2016-06-30     406.81    2016.494422    404.54  403.025918      3.784082   
2016-07-31     404.39    2016.579121    404.00  403.216961      1.173039   
2016-08-31     402.25    2016.663821    404.10  403.408185     -1.158185   
2016-09-30     401.03    2016.745788    404.54  403.593412     -2.563412   
2016-10-31     401.57    2016.830601    404.93  403.785249     -2.215249   
2016-11-30     403.53    2016.912568    405.58  403.970821     -0.440821   
2016-12-31     404.42    2016.997268    405.19  404.162756      0.257244   
2017-01-31     406.13    2017.082192    405.90  404.355381      1.774619   
2017-02-28     406.42    2017.158904    405.61  404.529537      1.890463   
2017-03-31     407.18    2017.243721    405.61  404.722266      2.457734   
2017-04-30     409.00    2017.325913    406.11  404.909201      4.090799   
2017-05-31     409.65    2017.410845    406.26  405.102547      4.547453   
2017-06-30     408.84    2017.493037    406.56  405.289828      3.550172   

            oeni_data  oeni_dec_date  oeni_trend  oeni_notrend  
1950-01-31      -1.38    1950.082192    0.015703     -1.395703  
1950-02-28      -1.21    1950.158904    0.015713     -1.225713  
1950-03-31      -1.11    1950.243836    0.015724     -1.125724  
1950-04-30      -1.16    1950.326027    0.015734     -1.175734  
1950-05-31      -1.11    1950.410959    0.015745     -1.125745  
1950-06-30      -0.92    1950.493151    0.015756     -0.935756  
1950-07-31      -0.64    1950.578082    0.015767     -0.655767  
1950-08-31      -0.58    1950.663014    0.015777     -0.595777  
1950-09-30      -0.54    1950.745205    0.015788     -0.555788  
1950-10-31      -0.56    1950.830137    0.015799     -0.575799  
1950-11-30      -0.65    1950.912329    0.015809     -0.665809  
1950-12-31      -0.81    1950.997260    0.015820     -0.825820  
1951-01-31      -0.84    1951.082192    0.015831     -0.855831  
1951-02-28      -0.55    1951.158904    0.015840     -0.565840  
1951-03-31      -0.20    1951.243836    0.015851     -0.215851  
1951-04-30       0.15    1951.326027    0.015862      0.134138  
1951-05-31       0.19    1951.410959    0.015873      0.174127  
1951-06-30       0.37    1951.493151    0.015883      0.354117  
1951-07-31       0.45    1951.578082    0.015894      0.434106  
1951-08-31       0.73    1951.663014    0.015905      0.714095  
1951-09-30       0.79    1951.745205    0.015915      0.774085  
1951-10-31       0.86    1951.830137    0.015926      0.844074  
1951-11-30       0.74    1951.912329    0.015936      0.724064  
1951-12-31       0.60    1951.997260    0.015947      0.584053  
1952-01-31       0.46    1952.081967    0.015958      0.444042  
1952-02-29       0.37    1952.161202    0.015968      0.354032  
1952-03-31       0.40    1952.245902    0.015979      0.384021  
1952-04-30       0.44    1952.327869    0.015989      0.424011  
1952-05-31       0.35    1952.412568    0.016000      0.334000  
1952-06-30       0.18    1952.494536    0.016010      0.163990  
...               ...            ...         ...           ...  
2015-01-31       0.56    2015.082192    0.023976      0.536024  
2015-02-28       0.51    2015.158904    0.023986      0.486014  
2015-03-31       0.55    2015.243721    0.023996      0.526004  
2015-04-30       0.68    2015.325913    0.024007      0.655993  
2015-05-31       0.84    2015.410845    0.024018      0.815982  
2015-06-30       0.97    2015.493037    0.024028      0.945972  
2015-07-31       1.17    2015.577968    0.024039      1.145961  
2015-08-31       1.42    2015.662900    0.024050      1.395950  
2015-09-30       1.69    2015.745091    0.024060      1.665940  
2015-10-31       1.96    2015.830137    0.024071      1.935929  
2015-11-30       2.15    2015.912329    0.024081      2.125919  
2015-12-31       2.28    2015.997260    0.024092      2.255908  
2016-01-31       2.22    2016.081967    0.024103      2.195897  
2016-02-29       1.99    2016.161202    0.024113      1.965887  
2016-03-31       1.58    2016.245788    0.024124      1.555876  
2016-04-30       1.08    2016.327755    0.024134      1.055866  
2016-05-31       0.59    2016.412454    0.024145      0.565855  
2016-06-30       0.09    2016.494422    0.024155      0.065845  
2016-07-31      -0.33    2016.579121    0.024166     -0.354166  
2016-08-31      -0.59    2016.663821    0.024177     -0.614177  
2016-09-30      -0.75    2016.745788    0.024187     -0.774187  
2016-10-31      -0.84    2016.830601    0.024198     -0.864198  
2016-11-30      -0.84    2016.912568    0.024209     -0.864209  
2016-12-31      -0.67    2016.997268    0.024219     -0.694219  
2017-01-31      -0.42    2017.082192    0.024230     -0.444230  
2017-02-28      -0.12    2017.158904    0.024240     -0.144240  
2017-03-31       0.15    2017.243721    0.024251      0.125749  
2017-04-30       0.39    2017.325913    0.024261      0.365739  
2017-05-31       0.48    2017.410845    0.024272      0.455728  
2017-06-30        NaN            NaN         NaN           NaN  

[810 rows x 9 columns]
