            detrended_filtered  detrended_unfiltered        f1        f2  \
1958-03-31           -0.067270              1.271950  2.283953  0.191684   
1958-04-30           -0.335590              2.947169  3.013109  0.199304   
1958-05-31           -0.578120              2.930049  2.932874  0.198346   
1958-06-30           -0.776778              2.464921  2.064802  0.188852   
1958-07-31           -0.918640              1.157444  0.642077  0.171231   
1958-08-31           -0.997340              0.159785 -0.953125  0.146241   
1958-09-30           -1.013578             -1.635864 -2.292296  0.114957   
1958-10-31           -0.974681             -2.243881 -3.015703  0.078726   
1958-11-30           -0.893309             -1.639876 -2.929023  0.039106   
1958-12-31           -0.785485             -0.368250 -2.055540 -0.002196   
1959-01-31           -0.668265              0.513194 -0.629892 -0.043403   
1959-02-28           -0.557390              1.211117  0.964960 -0.082743   
1959-03-31           -0.465251              1.472215  2.300602 -0.118522   
1959-04-30           -0.399461              2.415363  3.018248 -0.149200   
1959-05-31           -0.362214              2.916104  2.925124 -0.173457   
1959-06-30           -0.350487              2.708906  2.046245 -0.190250   
1959-07-31           -0.357026              1.029289  0.617696 -0.198854   
1959-08-31           -0.371920             -0.780509 -0.976779 -0.198901   
1959-09-30           -0.384497             -1.808229 -2.308870 -0.190388   
1959-10-31           -0.385232             -2.458385 -3.020744 -0.173681   
1959-11-30           -0.367365             -0.986451 -2.921178 -0.149500   
1959-12-31           -0.327986             -0.276964 -2.036915 -0.118885   
1960-01-31           -0.268435              0.502528 -0.605491 -0.083154   
1960-02-29           -0.193984              0.976411  0.988582 -0.043844   
1960-03-31           -0.112865              1.515560  2.317100 -0.002647   
1960-04-30           -0.034842              2.886822  3.023191  0.038664   
1960-05-31            0.030442              3.825614  2.917183  0.078311   
1960-06-30            0.075072              3.316532  2.027553  0.114587   
1960-07-31            0.094160              1.834969  0.593276  0.145933   
1960-08-31            0.086630             -0.506774 -1.000369  0.170998   
...                        ...                   ...       ...       ...   
2015-01-31            0.054470              0.112796  0.752689 -0.199375   
2015-02-28           -0.129900              0.242505  2.147693 -0.191941   
2015-03-31           -0.322548              1.314050  2.965778 -0.176247   
2015-04-30           -0.503576              2.871255  2.987186 -0.152967   
2015-05-31           -0.652369              3.362188  2.206167 -0.123105   
2015-06-30           -0.750513              2.019048  0.832521 -0.087945   
2015-07-31           -0.784672              0.339623 -0.764759 -0.048999   
2015-08-31           -0.748985             -2.229983 -2.156607 -0.007946   
2015-09-30           -0.646620             -3.713645 -2.969142  0.033450   
2015-10-31           -0.490157             -3.243864 -2.984096  0.073407   
2015-11-30           -0.300676             -1.557873 -2.197453  0.110204   
2015-12-31           -0.105566             -0.058194 -0.820524  0.142258   
2016-01-31            0.064720              0.421807  0.776816  0.168190   
2016-02-29            0.180582              1.763918  2.165486  0.186884   
2016-03-31            0.217365              2.363842  2.972457  0.197535   
2016-04-30            0.159055              4.769477  2.980957  0.199686   
2016-05-31            0.001059              4.858790  2.188704  0.193242   
2016-06-30           -0.248369              3.784082  0.808514  0.178482   
2016-07-31           -0.568316              1.173039 -0.788861  0.156041   
2016-08-31           -0.927060             -1.158185 -2.174330  0.126885   
2016-09-30           -1.285407             -2.563412 -2.975724  0.092268   
2016-10-31           -1.601133             -2.215249 -2.977770  0.053680   
2016-11-30           -1.833970             -0.440821 -2.179918  0.012782   
2016-12-31           -1.950516              0.257244 -0.796491 -0.028666   
2017-01-31           -1.928427              1.774619  0.800893 -0.068881   
2017-02-28           -1.759344              1.890463  2.183138 -0.106131   
2017-03-31           -1.450168              2.457734  2.978942 -0.138813   
2017-04-30           -1.022513              4.090799  2.974534 -0.165522   
2017-05-31           -0.510416              4.547453  2.171097 -0.185107   
2017-06-30            0.043404              3.550172  0.784454 -0.196726   

                  f3        f4   f5  raw_noann   raw_ann  
1958-03-31 -0.118718  0.081456 -0.0   0.154422  2.438376  
1958-04-30 -0.057083  0.109314 -0.0   0.251536  3.264645  
1958-05-31  0.005732  0.135998 -0.0   0.340076  3.272951  
1958-06-30  0.068429  0.161219 -0.0   0.418500  2.483302  
1958-07-31  0.129711  0.184706 -0.0   0.485649  1.127726  
1958-08-31  0.188313  0.206208 -0.0   0.540762 -0.412364  
1958-09-30  0.243022  0.225493 -0.0   0.583472 -1.708824  
1958-10-31  0.292709  0.242353 -0.0   0.613788 -2.401915  
1958-11-30  0.336346  0.256608 -0.0   0.632060 -2.296963  
1958-12-31  0.373031  0.268104 -0.0   0.638939 -1.416601  
1959-01-31  0.402007  0.276717 -0.0   0.635321  0.005429  
1959-02-28  0.422673  0.282356 -0.0   0.622286  1.587246  
1959-03-31  0.434604  0.284958 -0.0   0.601040  2.901642  
1959-04-30  0.437553  0.284497 -0.0   0.572850  3.591098  
1959-05-31  0.431458  0.280977 -0.0   0.538978  3.464102  
1959-06-30  0.416446  0.274436 -0.0   0.500632  2.546877  
1959-07-31  0.392827  0.264944 -0.0   0.458917  1.076613  
1959-08-31  0.361089  0.252604 -0.0   0.414792 -0.561988  
1959-09-30  0.321887  0.237548 -0.0   0.369048 -1.939822  
1959-10-31  0.276033  0.219938 -0.0   0.322290 -2.698454  
1959-11-30  0.224474  0.199964 -0.0   0.274938 -2.646240  
1959-12-31  0.168276  0.177839 -0.0   0.227230 -1.809685  
1960-01-31  0.108599  0.153803 -0.0   0.179248 -0.426242  
1960-02-29  0.046678  0.128113 -0.0   0.130947  1.119530  
1960-03-31 -0.016207  0.101045 -0.0   0.082191  2.399291  
1960-04-30 -0.078758  0.072891 -0.0   0.032797  3.055988  
1960-05-31 -0.139681  0.043954 -0.0  -0.017417  2.899767  
1960-06-30 -0.197717  0.014543 -0.0  -0.068586  1.958967  
1960-07-31 -0.251667 -0.015023 -0.0  -0.120757  0.472519  
1960-08-31 -0.300415 -0.044428 -0.0  -0.173845 -1.174215  
...              ...       ...  ...        ...       ...  
2015-01-31 -0.197232  0.267691  0.0  -0.128916  0.623773  
2015-02-28 -0.251222  0.256080  0.0  -0.187083  1.960611  
2015-03-31 -0.300019  0.241716  0.0  -0.234550  2.731228  
2015-04-30 -0.342616  0.224753  0.0  -0.270830  2.716355  
2015-05-31 -0.378131  0.205373  0.0  -0.295863  1.910304  
2015-06-30 -0.405832  0.183786  0.0  -0.309991  0.522531  
2015-07-31 -0.425144  0.160222  0.0  -0.313921 -1.078680  
2015-08-31 -0.435670  0.134936  0.0  -0.308679 -2.465287  
2015-09-30 -0.437191  0.108199  0.0  -0.295542 -3.264683  
2015-10-31 -0.429677  0.080299  0.0  -0.275971 -3.260067  
2015-11-30 -0.413282  0.051536  0.0  -0.251542 -2.448996  
2015-12-31 -0.388345  0.022218  0.0  -0.223868 -1.044393  
2016-01-31 -0.355381 -0.007338  0.0  -0.194529  0.582287  
2016-02-29 -0.315073 -0.036816  0.0  -0.165005  2.000481  
2016-03-31 -0.268253 -0.065898  0.0  -0.136615  2.835842  
2016-04-30 -0.215889 -0.094271  0.0  -0.110474  2.870483  
2016-05-31 -0.159062 -0.121631  0.0  -0.087451  2.101253  
2016-06-30 -0.098948 -0.147683  0.0  -0.068149  0.740365  
2016-07-31 -0.036789 -0.172147  0.0  -0.052895 -0.841756  
2016-08-31  0.026130 -0.194760  0.0  -0.041745 -2.216075  
2016-09-30  0.088509 -0.215279  0.0  -0.034503 -3.010226  
2016-10-31  0.149059 -0.233484  0.0  -0.030745 -3.008515  
2016-11-30  0.206528 -0.249179  0.0  -0.029869 -2.209787  
2016-12-31  0.259729 -0.262194  0.0  -0.031131 -0.827622  
2017-01-31  0.307562 -0.272391  0.0  -0.033710  0.767183  
2017-02-28  0.349038 -0.279659 -0.0  -0.036752  2.146386  
2017-03-31  0.383300 -0.283920 -0.0  -0.039434  2.939508  
2017-04-30  0.409640 -0.285128 -0.0  -0.041011  2.933523  
2017-05-31  0.427513 -0.283271 -0.0  -0.040866  2.130232  
2017-06-30  0.436551 -0.278369 -0.0  -0.038544  0.745910  

[712 rows x 9 columns]
