                 trend        f1        f2        f3        f4   f5  \
1958-03-31  314.438050  2.283953  0.191684 -0.118718  0.081456 -0.0   
1958-04-30  314.503733  3.013109  0.199304 -0.057083  0.109314 -0.0   
1958-05-31  314.569591  2.932874  0.198346  0.005732  0.135998 -0.0   
1958-06-30  314.635624  2.064802  0.188852  0.068429  0.161219 -0.0   
1958-07-31  314.701832  0.642077  0.171231  0.129711  0.184706 -0.0   
1958-08-31  314.768215 -0.953125  0.146241  0.188313  0.206208 -0.0   
1958-09-30  314.834773 -2.292296  0.114957  0.243022  0.225493 -0.0   
1958-10-31  314.901506 -3.015703  0.078726  0.292709  0.242353 -0.0   
1958-11-30  314.968414 -2.929023  0.039106  0.336346  0.256608 -0.0   
1958-12-31  315.035497 -2.055540 -0.002196  0.373031  0.268104 -0.0   
1959-01-31  315.102754 -0.629892 -0.043403  0.402007  0.276717 -0.0   
1959-02-28  315.170187  0.964960 -0.082743  0.422673  0.282356 -0.0   
1959-03-31  315.237795  2.300602 -0.118522  0.434604  0.284958 -0.0   
1959-04-30  315.305577  3.018248 -0.149200  0.437553  0.284497 -0.0   
1959-05-31  315.373534  2.925124 -0.173457  0.431458  0.280977 -0.0   
1959-06-30  315.441667  2.046245 -0.190250  0.416446  0.274436 -0.0   
1959-07-31  315.509974  0.617696 -0.198854  0.392827  0.264944 -0.0   
1959-08-31  315.578456 -0.976779 -0.198901  0.361089  0.252604 -0.0   
1959-09-30  315.647113 -2.308870 -0.190388  0.321887  0.237548 -0.0   
1959-10-31  315.715945 -3.020744 -0.173681  0.276033  0.219938 -0.0   
1959-11-30  315.784952 -2.921178 -0.149500  0.224474  0.199964 -0.0   
1959-12-31  315.854134 -2.036915 -0.118885  0.168276  0.177839 -0.0   
1960-01-31  315.923491 -0.605491 -0.083154  0.108599  0.153803 -0.0   
1960-02-29  315.993023  0.988582 -0.043844  0.046678  0.128113 -0.0   
1960-03-31  316.062730  2.317100 -0.002647 -0.016207  0.101045 -0.0   
1960-04-30  316.132612  3.023191  0.038664 -0.078758  0.072891 -0.0   
1960-05-31  316.202668  2.917183  0.078311 -0.139681  0.043954 -0.0   
1960-06-30  316.272900  2.027553  0.114587 -0.197717  0.014543 -0.0   
1960-07-31  316.343306  0.593276  0.145933 -0.251667 -0.015023 -0.0   
1960-08-31  316.413888 -1.000369  0.170998 -0.300415 -0.044428 -0.0   
...                ...       ...       ...       ...       ...  ...   
2023-02-28  418.615962  2.286013 -0.036793 -0.419737 -0.156623  0.0   
2023-03-31  418.817919  3.013753  0.004551 -0.397608 -0.131107  0.0   
2023-04-30  419.020051  2.931930  0.045700 -0.367262 -0.104181  0.0   
2023-05-31  419.222359  2.062522  0.084882 -0.329325 -0.076136  0.0   
2023-06-30  419.424841  0.639074  0.120411 -0.284581 -0.047272  0.0   
2023-07-31  419.627498 -0.956044  0.150758 -0.233956 -0.017900  0.0   
2023-08-31  419.830330 -2.294347  0.174617 -0.178495  0.011665  0.0   
2023-09-30  420.033337 -3.016335  0.190962 -0.119346  0.041105  0.0   
2023-10-31  420.236519 -2.928067  0.199088 -0.057729  0.070102  0.0   
2023-11-30  420.439876 -2.053252  0.198646  0.005080  0.098346  0.0   
2023-12-31  420.643408 -0.626886  0.189655  0.067785  0.125532  0.0   
2024-01-31  420.847115  0.967875  0.172502  0.129088  0.151369  0.0   
2024-02-29  421.050996  2.302643  0.147925  0.187724  0.175578  0.0   
2024-03-31  421.255053  3.018868  0.116983  0.242479  0.197900  0.0   
2024-04-30  421.459285  2.924156  0.081005  0.292224  0.218093  0.0   
2024-05-31  421.663691  2.043948  0.041542  0.335928  0.235942  0.0   
2024-06-30  421.868273  0.614689  0.000291  0.372689  0.251255  0.0   
2024-07-31  422.073029 -0.979690 -0.040973  0.401748  0.263866  0.0   
2024-08-31  422.277960 -2.310902 -0.080473  0.422504  0.273640  0.0   
2024-09-30  422.483067 -3.021352 -0.116510  0.434527  0.280472  0.0   
2024-10-31  422.688348 -2.920197 -0.147533  0.437569  0.284288  0.0   
2024-11-30  422.893804 -2.034611 -0.172207  0.431567  0.285048  0.0   
2024-12-31  423.099435 -0.602481 -0.189470  0.416646  0.282743  0.0   
2025-01-31  423.305241  0.991489 -0.198578  0.393114  0.277399  0.0   
2025-02-28  423.511222  2.319123 -0.199141  0.361457  0.269071  0.0   
2025-03-31  423.717378  3.023786 -0.191133  0.322329  0.257851  0.0   
2025-04-30  423.923709  2.916191 -0.174900  0.276539  0.243859  0.0   
2025-05-31  424.130214  2.025240 -0.151140  0.225034  0.227245  0.0   
2025-06-30  424.336895  0.590263 -0.120875  0.168878  0.208188  0.0   
2025-07-31  424.543751 -1.003272 -0.085409  0.109231  0.186892 -0.0   

            raw_noann  prog_noann   raw_ann    prog_ann  
1958-03-31   0.154422  314.592472  2.438376  316.876425  
1958-04-30   0.251536  314.755269  3.264645  317.768378  
1958-05-31   0.340076  314.909667  3.272951  317.842542  
1958-06-30   0.418500  315.054124  2.483302  317.118927  
1958-07-31   0.485649  315.187481  1.127726  315.829558  
1958-08-31   0.540762  315.308977 -0.412364  314.355852  
1958-09-30   0.583472  315.418245 -1.708824  313.125949  
1958-10-31   0.613788  315.515294 -2.401915  312.499591  
1958-11-30   0.632060  315.600474 -2.296963  312.671451  
1958-12-31   0.638939  315.674436 -1.416601  313.618896  
1959-01-31   0.635321  315.738075  0.005429  315.108183  
1959-02-28   0.622286  315.792473  1.587246  316.757433  
1959-03-31   0.601040  315.838835  2.901642  318.139436  
1959-04-30   0.572850  315.878427  3.591098  318.896675  
1959-05-31   0.538978  315.912512  3.464102  318.837636  
1959-06-30   0.500632  315.942299  2.546877  317.988544  
1959-07-31   0.458917  315.968891  1.076613  316.586587  
1959-08-31   0.414792  315.993248 -0.561988  315.016469  
1959-09-30   0.369048  316.016161 -1.939822  313.707292  
1959-10-31   0.322290  316.038236 -2.698454  313.017492  
1959-11-30   0.274938  316.059890 -2.646240  313.138713  
1959-12-31   0.227230  316.081364 -1.809685  314.044449  
1960-01-31   0.179248  316.102740 -0.426242  315.497249  
1960-02-29   0.130947  316.123971  1.119530  317.112553  
1960-03-31   0.082191  316.144921  2.399291  318.462021  
1960-04-30   0.032797  316.165409  3.055988  319.188599  
1960-05-31  -0.017417  316.185252  2.899767  319.102435  
1960-06-30  -0.068586  316.204314  1.958967  318.231867  
1960-07-31  -0.120757  316.222549  0.472519  316.815825  
1960-08-31  -0.173845  316.240042 -1.174215  315.239673  
...               ...         ...       ...         ...  
2023-02-28  -0.613153  418.002809  1.672861  420.288822  
2023-03-31  -0.524163  418.293755  2.489590  421.307509  
2023-04-30  -0.425743  418.594308  2.506187  421.526238  
2023-05-31  -0.320578  418.901780  1.741944  420.964302  
2023-06-30  -0.211442  419.213399  0.427632  419.852473  
2023-07-31  -0.101097  419.526401 -1.057141  418.570357  
2023-08-31   0.007787  419.838117 -2.286560  417.543770  
2023-09-30   0.112720  420.146058 -2.903615  417.129722  
2023-10-31   0.211460  420.447979 -2.716606  417.519913  
2023-11-30   0.302072  420.741948 -1.751180  418.688696  
2023-12-31   0.382972  421.026379 -0.243915  420.399493  
2024-01-31   0.452959  421.300074  1.420834  422.267949  
2024-02-29   0.511227  421.562224  2.813870  423.864867  
2024-03-31   0.557362  421.812415  3.576230  424.831283  
2024-04-30   0.591322  422.050607  3.515478  424.974763  
2024-05-31   0.613412  422.277104  2.657360  424.321052  
2024-06-30   0.624235  422.492508  1.238924  423.107196  
2024-07-31   0.624641  422.697670 -0.355049  421.717980  
2024-08-31   0.615670  422.893630 -1.695232  420.582729  
2024-09-30   0.598488  423.081555 -2.422864  420.060203  
2024-10-31   0.574324  423.262671 -2.345874  420.342474  
2024-11-30   0.544408  423.438212 -1.490202  421.403602  
2024-12-31   0.509920  423.609355 -0.092561  423.006874  
2025-01-31   0.471934  423.777175  1.463424  424.768665  
2025-02-28   0.431387  423.942609  2.750510  426.261732  
2025-03-31   0.389047  424.106425  3.412833  427.130211  
2025-04-30   0.345498  424.269207  3.261690  427.185398  
2025-05-31   0.301139  424.431354  2.326379  426.456594  
2025-06-30   0.256190  424.593085  0.846453  425.183348  
2025-07-31   0.210715  424.754465 -0.792558  423.751193  

[809 rows x 10 columns]
